2452166.83748 18.097 0.026
2452166.86329 18.171 0.022
2452172.88623 18.146 0.029
2452189.84343 18.164 0.030
2452189.86887 18.167 0.028
2452192.77176 18.104 0.019
2452201.78397 18.220 0.020
2452212.79165 18.217 0.028
2452212.81622 18.268 0.025
2452217.77657 18.073 0.028
2452217.80061 18.119 0.027
2452223.79686 18.173 0.029
2452223.82118 18.156 0.026
2452226.77167 18.212 0.030
2452226.79553 18.195 0.023
2452228.81518 18.171 0.025
2452228.83896 18.164 0.023
2452230.72832 18.141 0.030
2452230.75239 18.187 0.025
2452232.74882 18.135 0.024
2452232.77261 18.189 0.025
2452234.74264 18.173 0.024
2452234.76659 18.217 0.021
2452238.69340 18.158 0.027
2452238.71724 18.140 0.023
2452240.82234 18.138 0.026
2452240.84617 18.171 0.025
2452242.82814 18.084 0.034
2452242.85190 18.155 0.030
2452248.73316 18.204 0.019
2452249.76134 18.092 0.022
2452251.76280 18.176 0.021
2452251.79384 18.132 0.023
2452253.75428 18.052 0.021
2452253.78615 18.145 0.020
2452255.70870 18.155 0.023
2452256.72961 18.189 0.027
2452258.67093 18.167 0.023
2452258.70815 18.184 0.020
2452261.65657 18.187 0.028
2452261.68092 18.178 0.021
2452264.81675 18.221 0.018
2452265.75860 18.078 0.027
2452269.78967 18.177 0.023
2452271.70452 18.181 0.027
2452271.73797 18.190 0.024
2452273.67123 18.206 0.033
2452273.82830 18.173 0.027
2452275.77768 18.177 0.030
2452275.80177 18.180 0.025
2452277.77244 18.182 0.027
2452277.80456 18.144 0.020
2452279.77750 18.114 0.023
2452279.80137 18.155 0.020
2452281.76424 18.145 0.019
2452281.79140 18.125 0.023
2452283.79454 18.114 0.020
2452283.82143 18.137 0.017
2452289.72371 18.205 0.027
2452289.75829 18.207 0.022
2452291.73116 18.171 0.038
2452291.76442 18.148 0.026
2452293.70325 18.113 0.030
2452293.73278 18.195 0.028
2452295.73002 18.179 0.021
2452295.75382 18.194 0.022
2452297.72087 18.146 0.025
2452297.74475 18.213 0.025
2452299.74326 18.195 0.027
2452299.77714 18.185 0.025
2452301.68258 18.218 0.031
2452302.59445 18.186 0.028
2452303.67797 18.245 0.030
2452304.72654 18.111 0.034
2452317.64009 18.089 0.021
2452323.54234 18.136 0.025
2452323.58028 18.197 0.022
2452326.55999 18.162 0.027
2452326.58730 18.161 0.025
2452332.53073 18.214 0.033
2452338.52768 18.154 0.028
2452338.55327 18.203 0.023
2452344.52051 18.168 0.025
2452354.52229 18.243 0.044
2452356.49645 18.211 0.032
2452368.50633 18.159 0.047
2452401.50848 18.186 0.035
2452520.91714 18.137 0.035
2452521.89652 18.182 0.026
2452524.87388 18.135 0.025
2452537.84983 18.104 0.042
2452537.87554 18.098 0.035
2452539.82390 18.122 0.032
2452542.81624 18.150 0.025
2452542.84009 18.162 0.026
2452544.89880 16.463 0.008
2452545.79791 18.155 0.031
2452551.86336 18.140 0.025
2452551.88899 18.120 0.023
2452555.88740 18.123 0.029
2452559.79629 18.140 0.029
2452559.82695 18.145 0.025
2452563.84651 18.153 0.031
2452563.87213 18.165 0.028
2452573.77444 18.467 0.043
2452573.79829 18.307 0.030
2452577.83528 18.174 0.028
2452577.86106 18.148 0.025
2452580.86474 18.120 0.025
2452583.75750 18.211 0.027
2452589.77257 18.074 0.023
2452589.79859 18.091 0.020
2452594.78968 18.125 0.045
2452596.68698 18.257 0.040
2452599.83307 18.161 0.025
2452605.76611 18.182 0.022
2452609.64554 18.163 0.038
2452609.67648 99.999 9.999
2452611.68021 18.115 0.029
2452617.80153 18.144 0.034
2452617.82684 18.161 0.027
2452620.76956 18.144 0.024
2452620.79585 18.170 0.022
2452623.71394 18.180 0.029
2452623.76906 18.219 0.026
2452626.69418 18.221 0.029
2452627.61011 18.137 0.043
2452628.86128 18.119 0.036
2452629.63417 18.118 0.028
2452630.85004 18.118 0.034
2452631.68345 18.123 0.032
2452632.64072 18.181 0.031
2452634.67835 18.167 0.022
2452635.63511 18.204 0.024
2452637.70436 18.111 0.022
2452637.77530 18.190 0.024
2452639.81916 18.121 0.022
2452641.64179 18.097 0.025
2452641.66584 18.121 0.024
2452643.65282 18.167 0.025
2452643.67819 18.169 0.023
2452645.64554 18.181 0.024
2452645.66932 18.196 0.020
2452646.67298 18.192 0.028
2452647.59608 18.134 0.022
2452650.73012 18.138 0.027
2452651.66478 18.157 0.024
2452652.72025 18.144 0.027
2452653.68909 18.141 0.029
2452654.82401 18.120 0.026
2452655.67416 18.155 0.025
2452657.74250 18.155 0.032
2452657.80714 18.155 0.028
2452659.67892 18.154 0.024
2452659.70755 18.082 0.027
2452661.69902 18.164 0.024
2452661.80725 18.083 0.029
2452665.77723 18.087 0.023
2452665.80092 18.080 0.025
2452667.81113 18.135 0.034
2452671.72300 18.177 0.032
2452671.80688 18.151 0.022
2452673.68642 18.173 0.035
2452675.71335 18.119 0.022
2452675.73733 18.164 0.021
2452677.74802 18.111 0.029
2452679.73873 18.123 0.034
2452679.76277 18.152 0.025
2452681.75607 18.169 0.028
2452682.62180 18.200 0.031
2452686.56479 18.139 0.034
2452686.61491 18.171 0.027
2452690.64303 18.094 0.034
2452691.56026 18.197 0.031
2452695.57361 18.197 0.029
2452695.59910 18.281 0.033
2452700.52470 18.177 0.035
2452700.55006 18.186 0.027
2452712.55909 18.185 0.033
2452713.53522 18.175 0.035
2452735.48926 18.110 0.032
2452841.93953 18.146 0.026
2452868.90200 18.166 0.025
2452884.85213 18.173 0.026
2452890.81992 18.183 0.036
2452890.84512 18.197 0.035
2452895.85556 18.133 0.027
2452895.88080 18.173 0.021
2452900.81121 18.149 0.024
2452900.83648 18.281 0.023
2452906.84218 18.169 0.024
2452906.86744 18.172 0.019
2452910.87563 18.151 0.022
2452910.90078 18.155 0.022
2452915.87181 18.129 0.021
2452915.90090 18.157 0.035
2452921.87412 18.175 0.028
2452922.78109 18.275 0.040
2452925.81959 18.120 0.023
2452925.86947 18.140 0.024
2452929.86420 18.112 0.024
2452930.78204 18.185 0.025
2452933.80112 18.200 0.023
2452933.82645 18.157 0.018
2452939.80964 18.121 0.029
2452939.83483 18.126 0.024
2452941.85286 18.124 0.019
2452942.78503 18.191 0.023
2452943.72772 18.226 0.025
2452946.80546 18.142 0.029
2452946.83074 18.214 0.024
2452948.82108 18.196 0.023
2452948.85057 18.147 0.023
2452952.78982 18.195 0.031
2452952.81708 18.156 0.023
2452955.84684 18.145 0.040
2452956.66048 18.171 0.022
2452957.77439 18.207 0.030
2452958.68725 18.162 0.026
2452961.75771 18.166 0.026
2452962.69814 18.151 0.022
2452963.81598 18.163 0.027
2452965.71520 18.157 0.023
2452966.75531 18.181 0.020
2452967.81453 18.092 0.019
2452970.76943 18.171 0.021
2452970.78013 18.142 0.017
2452974.68407 18.130 0.024
2452974.71975 18.120 0.020
2452975.80922 18.121 0.024
2452976.75359 18.097 0.020
2452978.64809 18.137 0.026
2452979.84567 18.160 0.025
2452980.67455 18.152 0.024
2452982.63370 18.176 0.025
2452983.75366 18.174 0.028
2452984.67481 18.139 0.021
2452986.73614 18.096 0.026
2452986.76267 18.129 0.024
2452988.70308 18.119 0.025
2452988.73066 18.154 0.025
2452990.66401 18.144 0.019
2452990.72774 18.128 0.025
2452992.72452 18.108 0.023
2452992.75368 18.161 0.020
2452994.66493 18.168 0.027
2452994.81527 18.164 0.023
2452996.69078 18.152 0.022
2452996.75177 18.120 0.021
2452998.68137 18.196 0.026
2452998.70652 18.198 0.022
2452999.79962 18.111 0.022
2453000.69087 18.147 0.023
2453001.67727 18.157 0.018
2453002.67862 18.131 0.024
2453003.67289 18.194 0.022
2453004.67782 18.126 0.022
2453005.62991 18.158 0.027
2453006.62356 18.208 0.023
2453007.74840 18.200 0.023
2453009.68419 18.204 0.022
2453010.69811 18.192 0.036
2453011.62979 18.168 0.031
2453012.79358 18.105 0.036
2453013.66044 18.135 0.022
2453016.71227 18.156 0.028
2453017.67163 18.213 0.023
2453018.70212 18.167 0.026
2453018.72758 18.131 0.022
2453020.77749 18.124 0.024
2453020.80282 18.176 0.023
2453022.80392 18.172 0.027
2453022.82931 18.111 0.021
2453024.75257 18.117 0.024
2453024.77783 18.141 0.019
2453026.72167 18.176 0.023
2453026.77519 18.094 0.020
2453028.75735 18.113 0.018
2453028.78724 18.166 0.021
2453030.76235 18.193 0.023
2453030.78750 18.169 0.020
2453033.68881 18.128 0.020
2453033.71483 18.151 0.017
2453035.69051 18.129 0.024
2453035.72110 18.203 0.022
2453038.67415 18.169 0.032
2453038.69950 18.184 0.024
2453040.69912 18.168 0.029
2453041.57130 18.163 0.034
2453043.60115 18.175 0.033
2453044.57657 18.231 0.025
2453045.64016 18.141 0.026
2453046.59208 18.152 0.021
2453047.59434 18.161 0.027
2453048.57699 18.162 0.019
2453049.60003 18.138 0.022
2453050.57063 18.116 0.021
2453050.59586 18.215 0.020
2453052.56497 18.157 0.024
2453052.59291 18.141 0.020
2453054.56660 18.196 0.024
2453054.59376 18.225 0.024
2453056.56578 18.198 0.024
2453056.59098 18.203 0.021
2453058.55882 18.223 0.028
2453058.58473 18.184 0.022
2453060.57993 18.163 0.024
2453060.60520 18.215 0.022
2453064.60975 18.146 0.027
2453067.64162 18.136 0.026
2453067.66670 18.172 0.022
2453069.60016 18.132 0.028
2453069.62681 18.180 0.026
2453073.51014 18.203 0.037
2453073.54162 18.184 0.032
2453075.60287 18.127 0.027
2453075.63096 18.137 0.023
2453078.52501 18.122 0.026
2453078.55083 18.171 0.026
2453081.67770 18.184 0.026
2453082.53982 18.159 0.026
2453084.58994 18.114 0.022
2453084.61626 18.147 0.020
2453087.55172 18.138 0.027
2453087.57804 18.155 0.024
2453089.65514 18.154 0.028
2453090.53406 18.153 0.030
2453092.59315 18.109 0.038
2453093.51436 18.218 0.036
2453098.59529 18.080 0.036
2453098.62327 18.209 0.029
2453101.55561 18.118 0.035
2453104.52703 18.151 0.028
2453104.55418 18.223 0.029
2453107.50886 18.189 0.034
2453107.53836 18.170 0.032
2453110.53540 18.103 0.037
2453111.52774 18.257 0.033
2453113.51905 18.249 0.036
2453114.52171 18.155 0.026
2453125.51654 18.228 0.041
2453126.48612 18.104 0.026
2453135.48243 18.084 0.042
2453144.50145 18.239 0.031
2453224.90160 18.196 0.023
2453229.89656 18.175 0.023
2453239.91042 18.095 0.023
2453239.93553 18.134 0.036
2453247.88130 18.187 0.025
2453247.90651 18.168 0.023
2453256.85796 18.126 0.025
2453256.88476 18.214 0.023
2453263.85953 18.174 0.016
2453268.85013 18.194 0.021
2453268.87531 18.217 0.019
2453273.80892 18.226 0.032
2453273.84686 18.175 0.021
2453276.86497 18.173 0.026
2453276.89442 18.199 0.030
2453281.80461 18.203 0.021
2453281.82989 18.157 0.017
2453289.81829 18.235 0.024
2453289.84331 18.099 0.023
2453294.81623 18.220 0.021
2453294.84145 18.170 0.019
2453296.82162 18.127 0.020
2453296.84681 18.150 0.016
2453298.85221 18.084 0.021
2453298.87733 18.175 0.023
2453301.67247 18.138 0.031
2453301.69772 18.142 0.027
2453303.84156 18.165 0.033
2453303.86675 18.219 0.026
2453306.81630 18.130 0.027
2453306.84137 18.176 0.023
2453308.83315 18.168 0.031
2453308.85835 18.147 0.022
2453310.86546 18.111 0.025
2453311.66842 18.056 0.023
2453314.83297 18.157 0.029
2453320.70157 18.214 0.020
2453329.80481 18.140 0.020
2453329.83066 18.140 0.018
2453334.70094 18.187 0.038
2453334.73042 18.213 0.028
2453338.75700 18.176 0.024
2453338.78621 18.199 0.020
2453349.80238 18.196 0.019
2453352.64367 18.136 0.023
2453354.76020 18.258 0.023
2453355.66553 18.179 0.026
2453358.64173 18.144 0.016
2453359.72451 18.145 0.021
2453361.73750 18.094 0.020
2453363.70248 18.123 0.026
2453363.72764 18.143 0.022
2453367.68120 18.277 0.028
2453369.76939 18.147 0.025
2453372.67450 18.083 0.020
2453372.69993 18.139 0.017
2453377.70863 18.205 0.030
2453386.76191 18.160 0.016
2453386.79126 18.123 0.018
2453391.58205 18.207 0.031
2453391.60728 18.194 0.024
2453395.63681 18.194 0.031
2453395.67132 18.151 0.025
2453398.69364 18.027 0.024
2453398.71909 18.042 0.020
2453402.66433 18.133 0.018
2453403.66875 18.214 0.029
2453404.59220 18.145 0.022
2453406.60276 18.131 0.020
2453408.54561 18.198 0.023
2453410.62036 18.160 0.020
2453412.59088 18.127 0.020
2453414.62245 18.242 0.026
2453415.59210 18.143 0.023
2453419.59330 18.144 0.023
2453421.58049 18.098 0.023
2453426.52878 18.232 0.026
2453428.57948 18.192 0.031
2453433.57997 18.199 0.027
2453436.57381 18.135 0.025
2453443.51655 18.224 0.032
2453443.55059 18.182 0.021
2453452.53640 18.156 0.025
2453453.51699 18.174 0.025
2453574.92713 18.096 0.027
2453575.92219 18.134 0.023
2453588.91748 18.174 0.027
2453589.89362 18.189 0.020
2453590.91936 18.168 0.022
2453614.90854 18.180 0.026
2453617.89052 18.191 0.021
2453629.80389 18.179 0.030
2453629.82999 18.193 0.026
2453634.76201 18.162 0.025
2453634.79610 18.101 0.023
2453640.75832 18.183 0.023
2453640.76282 18.199 0.020
2453641.83996 18.178 0.022
2453644.90067 18.152 0.036
2453650.81034 18.142 0.021
2453650.83531 18.203 0.017
2453653.83825 18.170 0.024
2453653.86327 18.205 0.019
2453657.78888 18.173 0.025
2453657.81380 18.181 0.017
2453660.77946 18.129 0.025
2453661.80058 18.163 0.032
2453664.81494 18.139 0.020
2453666.79773 18.146 0.026
2453668.75121 18.176 0.022
2453671.79611 18.169 0.024
2453672.76073 18.126 0.018
2453675.81053 18.182 0.023
2453676.86218 18.163 0.022
2453683.83368 18.154 0.022
2453684.80638 18.155 0.018
2453687.69548 18.126 0.023
2453687.72538 18.154 0.018
2453689.79908 18.184 0.027
2453689.82397 18.259 0.023
2453692.71966 18.221 0.027
2453692.74834 18.089 0.025
2453694.82235 18.188 0.021
2453694.85194 18.160 0.023
2453696.67242 18.159 0.023
2453696.69760 18.081 0.019
2453699.68469 18.100 0.019
2453699.70983 18.129 0.020
2453701.73581 18.126 0.021
2453701.76077 18.205 0.020
2453704.72724 18.202 0.018
2453704.75719 18.175 0.022
2453706.75623 18.114 0.021
2453706.78142 18.132 0.018
2453711.64744 18.099 0.021
2453711.67243 18.117 0.019
2453713.66103 18.111 0.025
2453713.68609 18.144 0.021
2453716.69449 18.230 0.032
2453719.67175 18.165 0.028
2453719.76292 18.209 0.032
2453722.82213 18.116 0.024
2453725.75511 18.134 0.028
2453726.68535 18.234 0.022
2453727.70307 18.110 0.023
2453728.65807 18.180 0.016
2453730.63130 18.181 0.018
2453731.75864 18.220 0.018
2453733.62006 18.105 0.020
2453733.64485 18.161 0.017
2453734.72290 18.158 0.021
2453734.74779 18.161 0.017
2453736.74183 18.153 0.021
2453736.76671 18.118 0.020
2453737.65534 18.110 0.017
2453738.66378 18.201 0.024
2453739.71744 18.141 0.017
2453740.69875 18.146 0.022
2453741.82372 18.157 0.027
2453743.66427 18.146 0.023
2453743.72159 18.204 0.021
2453746.73822 18.141 0.029
2453746.76397 18.197 0.027
2453748.69151 18.078 0.028
2453748.71663 18.234 0.029
2453750.58305 18.143 0.029
2453750.72279 18.191 0.021
2453752.70435 18.168 0.023
2453752.73084 18.198 0.020
2453754.69276 18.227 0.028
2453754.75215 18.191 0.021
2453755.67193 18.162 0.021
2453757.64602 18.174 0.023
2453758.71362 18.138 0.029
2453759.61167 18.191 0.023
2453762.67174 18.142 0.022
2453762.69653 18.109 0.019
2453765.66228 18.189 0.017
2453765.71843 18.149 0.014
2453769.73428 18.085 0.018
2453769.75906 18.157 0.018
2453772.70243 18.113 0.020
2453772.72738 18.160 0.019
2453775.71932 18.196 0.029
2453778.67291 18.161 0.024
2453778.69783 18.200 0.021
2453781.73392 18.130 0.030
2453782.60601 18.151 0.022
2453786.55702 18.104 0.022
2453786.58201 18.134 0.022
2453791.55265 18.143 0.022
2453791.57837 18.232 0.020
2453798.55296 18.154 0.025
2453798.57809 18.116 0.018
2453805.53818 18.102 0.028
2453806.50793 18.229 0.035
2453819.51713 18.099 0.023
2453820.51064 18.145 0.025
2453938.93494 18.109 0.031
2453945.90562 18.177 0.019
2453961.91187 18.090 0.029
2453964.93272 18.203 0.025
2453968.89435 18.143 0.027
2453971.80345 18.079 0.017
2453974.87994 18.147 0.027
2453974.92099 18.138 0.025
2453981.78737 18.199 0.028
2453981.81186 18.191 0.024
2453987.91136 18.119 0.027
2453988.89373 18.265 0.034
2453995.81896 18.104 0.021
2453995.84676 18.098 0.023
2454002.81834 18.197 0.020
2454002.84286 18.223 0.019
2454004.83956 18.173 0.023
2454005.79288 18.150 0.017
2454007.77218 18.092 0.019
2454007.79711 18.132 0.019
2454011.75290 18.176 0.026
2454011.77749 18.198 0.024
2454018.76308 18.261 0.027
2454018.79225 18.191 0.026
2454023.78666 18.108 0.020
2454023.81656 18.196 0.019
2454026.70261 18.186 0.022
2454026.72716 18.203 0.022
2454028.83859 18.161 0.020
2454028.86323 18.115 0.016
2454031.72633 18.154 0.023
2454031.75093 18.184 0.022
2454037.83526 18.124 0.021
2454037.85984 18.163 0.020
2454040.80199 18.180 0.025
2454040.82714 18.205 0.022
2454042.81747 18.234 0.026
2454042.84191 18.083 0.023
2454046.69226 18.031 0.027
2454046.71778 18.115 0.023
2454048.78165 18.157 0.024
2454048.80671 99.999 9.999
2454051.77127 18.197 0.029
2454052.64957 18.178 0.017
2454053.82255 18.153 0.023
2454053.84726 18.103 0.017
2454056.64241 18.073 0.031
2454056.69081 18.090 0.025
2454059.65340 18.129 0.025
2454059.67803 18.195 0.021
2454064.64615 18.157 0.017
2454064.67608 18.131 0.019
2454066.62389 18.160 0.021
2454067.67653 18.213 0.024
2454069.66466 18.186 0.024
2454069.68951 18.111 0.018
2454071.61783 18.175 0.022
2454072.70181 18.112 0.024
2454076.68634 18.189 0.030
2454076.77226 18.134 0.026
2454079.64714 18.159 0.024
2454079.70292 18.217 0.024
2454082.66778 18.129 0.027
2454082.69325 18.115 0.019
2454084.74823 18.104 0.025
2454084.77309 18.163 0.026
2454087.66804 18.169 0.021
2454087.69255 18.160 0.021
2454093.78158 18.160 0.021
2454093.81639 18.108 0.023
2454102.62266 18.158 0.028
2454102.66983 18.273 0.035
2454104.79137 18.100 0.031
2454104.81660 18.108 0.025
2454109.65264 18.110 0.022
2454113.67151 18.134 0.018
2454113.69610 18.256 0.022
2454118.57843 18.191 0.036
2454119.63431 18.174 0.025
2454120.66456 18.092 0.017
2454122.68315 18.116 0.018
2454124.69528 18.094 0.020
2454125.73056 18.126 0.021
2454127.64924 18.109 0.018
2454129.73004 18.178 0.022
2454132.62724 18.097 0.029
2454142.56227 18.154 0.038
2454142.59284 18.172 0.023
2454150.53933 18.134 0.022
2454150.56485 18.180 0.018
2454154.51775 18.129 0.037
2454154.58080 18.230 0.033
2454165.54574 18.198 0.035
2454166.52320 18.142 0.029
2454183.50211 18.093 0.033
2454184.51277 18.091 0.027
2454340.91334 18.172 0.020
2454341.84888 18.207 0.044
2454345.90798 18.126 0.031
2454346.90145 18.194 0.025
2454350.88238 18.151 0.030
2454351.84186 18.188 0.025
2454355.88996 18.129 0.028
2454357.85361 18.240 0.036
2454361.85070 18.172 0.039
2454363.78206 18.178 0.029
2454364.85751 18.119 0.029
2454365.80566 18.178 0.041
2454367.76999 18.137 0.033
2454369.80128 18.094 0.028
2454370.80688 18.087 0.029
2454372.77595 18.138 0.021
2454376.84194 18.128 0.031
2454376.86651 18.171 0.025
2454379.84828 18.184 0.028
2454379.87303 18.214 0.027
2454383.85254 18.165 0.029
2454383.87709 18.204 0.024
2454388.79243 18.204 0.030
2454388.87103 18.169 0.027
2454392.84668 18.100 0.022
2454393.74492 18.167 0.025
2454398.79546 18.150 0.026
2454398.82012 18.210 0.024
2454403.73524 18.174 0.032
2454403.76073 18.196 0.035
2454410.86233 18.134 0.030
2454411.75594 18.181 0.021
2454417.75029 18.141 0.023
2454417.83870 18.192 0.021
2454421.72627 18.128 0.021
2454421.75113 18.131 0.019
2454421.78217 18.105 0.020
2454425.74630 18.119 0.027
2454425.82431 18.162 0.026
2454429.71045 18.075 0.032
2454429.73508 18.196 0.044
2454431.85028 18.121 0.044
2454432.77666 18.163 0.020
2454436.70314 18.207 0.025
2454436.71470 18.175 0.027
2454439.72276 18.165 0.031
2454439.74729 18.201 0.026
2454442.70008 18.152 0.028
2454442.72470 18.188 0.029
2454448.75352 18.156 0.027
2454448.78036 18.216 0.021
2454450.76040 18.160 0.032
2454450.78507 18.233 0.026
2454453.73604 18.172 0.023
2454453.76088 18.145 0.020
2454456.74940 18.179 0.033
2454456.77421 18.126 0.026
2454458.69703 18.143 0.029
2454459.68423 18.192 0.022
2454461.64710 18.175 0.023
2454462.68625 18.211 0.026
2454465.66793 18.178 0.022
2454465.72648 18.201 0.020
2454468.69869 18.103 0.019
2454469.67961 18.186 0.027
2454473.63501 18.204 0.026
2454474.68164 18.163 0.020
2454477.72255 18.240 0.027
2454478.78442 18.239 0.023
2454479.74417 18.169 0.024
2454481.78319 18.100 0.021
2454483.70407 18.157 0.030
2454484.69292 18.146 0.025
2454486.70251 18.101 0.033
2454487.75533 18.250 0.042
2454490.70075 18.170 0.031
2454492.70790 18.132 0.025
2454493.77158 18.072 0.033
2454494.74236 18.118 0.024
2454498.63551 18.120 0.023
2454499.63915 18.166 0.027
2454501.62863 18.117 0.024
2454502.69638 18.132 0.026
2454505.59917 18.215 0.032
2454507.65511 18.178 0.025
2454508.57668 18.163 0.027
2454509.65236 18.168 0.026
2454510.65490 18.177 0.026
2454516.53559 18.169 0.041
2454516.60125 18.216 0.037
2454520.62560 18.102 0.035
2454520.67317 18.102 0.030
2454522.56027 18.237 0.026
2454523.60915 18.156 0.029
2454524.57429 18.172 0.028
2454530.55256 18.095 0.033
2454530.57953 18.181 0.028
2454532.54627 18.155 0.033
2454532.57151 18.172 0.031
2454535.60374 18.216 0.034
2454537.56959 18.197 0.025
2454538.62430 18.104 0.031
2454540.59362 18.152 0.033
2454540.61834 18.194 0.030
2454544.55953 18.128 0.033
2454546.61151 18.223 0.043
2454549.57479 18.171 0.027
2454559.54016 18.124 0.035
2454560.51336 18.157 0.027
2454566.56254 18.144 0.027
2454567.52493 18.150 0.029
2454574.52097 18.129 0.033
2454574.54598 18.138 0.027
2454591.48450 18.193 0.035
2454592.48367 18.185 0.036
2454681.91261 18.154 0.024
2454681.93703 99.999 9.999
2454691.87813 18.141 0.030
2454691.90267 18.158 0.027
2454702.91458 18.198 0.026
2454704.90887 18.135 0.032
2454717.87467 18.059 0.018
2454719.83010 18.169 0.028
2454722.89427 18.209 0.023
2454726.83514 18.211 0.028
2454726.90449 18.178 0.027
2454730.85704 18.090 0.022
2454731.88078 18.165 0.020
2454747.82818 18.128 0.022
2454747.85319 18.225 0.022
2454752.80705 18.153 0.030
2454752.81433 18.179 0.029
2454756.79890 18.130 0.028
2454756.82350 18.125 0.024
2454759.84601 18.156 0.022
2454759.87054 18.143 0.022
2454762.80574 18.147 0.023
2454762.83031 18.205 0.023
2454768.78376 18.097 0.024
2454768.80827 18.193 0.023
2454771.82564 18.150 0.025
2454771.85038 18.295 0.026
2454774.80639 18.123 0.026
2454774.85976 18.228 0.028
2454776.86007 18.127 0.030
2454777.69718 18.239 0.024
2454780.79310 18.063 0.032
2454780.84614 18.165 0.023
2454783.79099 18.166 0.025
2454783.81604 18.184 0.023
2454788.71754 18.209 0.029
2454788.74545 18.156 0.024
2454791.69395 18.091 0.021
2454791.72281 18.168 0.017
2454794.66376 18.190 0.023
2454794.72714 18.203 0.022
2454797.68105 18.170 0.027
2454797.70851 18.190 0.024
2454800.72713 18.122 0.021
2454800.75178 18.149 0.019
2454802.75881 18.114 0.023
2454802.78339 18.166 0.019
2454804.80755 18.161 0.021
2454805.72820 18.130 0.021
2454805.83063 18.162 0.023
2454807.69078 18.135 0.031
2454807.78151 18.202 0.020
2454809.68355 18.128 0.026
2454810.73942 18.187 0.021
2454812.67115 18.236 0.036
2454812.79902 18.180 0.035
2454814.65915 18.185 0.034
2454814.68863 18.266 0.029
2454816.66082 18.176 0.028
2454816.68547 18.182 0.024
2454818.68294 18.149 0.024
2454818.70758 18.218 0.023
2454820.68989 18.137 0.021
2454820.71441 18.173 0.019
2454823.70303 18.189 0.026
2454823.72802 18.247 0.025
2454825.78230 18.208 0.032
2454825.81518 18.183 0.025
2454831.82424 18.220 0.030
2454831.85755 18.257 0.032
2454832.81780 18.171 0.022
2454834.75745 18.229 0.035
2454834.78688 18.212 0.027
2454836.75981 18.156 0.025
2454837.68687 18.127 0.032
2454838.71038 18.111 0.025
2454839.71544 18.131 0.022
2454841.72699 18.008 0.025
2454841.75175 18.084 0.022
2454843.72627 18.082 0.031
2454843.75100 18.144 0.029
2454846.69221 18.212 0.027
2454846.71689 18.197 0.026
2454848.71810 18.215 0.026
2454850.71020 18.274 0.029
2454850.73499 18.239 0.022
2454852.70440 18.162 0.027
2454852.72901 18.210 0.022
2454854.70777 18.136 0.028
2454855.73644 18.153 0.025
2454856.70395 18.192 0.031
2454857.71458 18.163 0.027
2454865.72321 18.083 0.026
2454866.68176 18.137 0.023
2454867.65947 18.094 0.023
2454868.67986 18.145 0.021
2454870.64496 18.182 0.028
2454870.66931 18.131 0.024
2454873.66743 18.148 0.028
2454873.69997 18.206 0.026
2454875.59700 18.198 0.024
2454875.62543 18.266 0.031
2454876.62765 18.212 0.018
2454877.65078 18.163 0.023
2454878.65256 18.095 0.017
2454879.57924 18.157 0.024
2454882.57184 18.196 0.023
2454882.67236 18.070 0.024
2454884.52218 18.125 0.032
2454884.60990 18.156 0.025
2454884.63421 18.194 0.023
2454884.65813 18.198 0.032
2454885.52304 18.215 0.031
2454885.61472 18.230 0.025
2454885.65517 18.197 0.026
2454886.52185 18.057 0.023
2454886.61977 18.200 0.026
2454886.66446 18.156 0.022
2454886.69604 18.176 0.025
2454887.52144 18.178 0.024
2454887.58855 18.192 0.020
2454887.64625 18.208 0.023
2454887.65382 18.181 0.019
2454888.51857 18.130 0.030
2454888.55071 18.152 0.020
2454888.59044 18.164 0.020
2454888.63437 18.130 0.022
2454889.52339 18.240 0.034
2454889.58817 18.226 0.027
2454889.65377 18.200 0.028
2454890.51627 18.127 0.026
2454890.62455 18.108 0.021
2454890.66511 18.157 0.024
2454891.53292 18.183 0.028
2454891.59398 18.125 0.024
2454891.65407 18.122 0.021
2454892.52085 18.098 0.026
2454892.59306 18.032 0.022
2454892.66164 18.106 0.023
2454893.53533 18.165 0.028
2454893.59979 18.199 0.030
2454894.55377 18.158 0.026
2454894.61881 18.146 0.028
2454894.65032 18.119 0.026
2454895.51920 18.181 0.031
2454895.60235 18.219 0.027
2454895.66405 18.191 0.028
2454896.50765 18.162 0.023
2454896.57507 18.134 0.022
2454897.50946 18.215 0.031
2454897.56614 18.212 0.031
2454897.61463 18.159 0.029
2454898.53129 18.165 0.033
2454898.58348 18.099 0.029
2454899.51011 18.201 0.034
2454899.60640 18.208 0.031
2454900.50894 18.127 0.035
2454900.55003 18.172 0.036
2454900.58237 18.277 0.030
2454900.59417 18.126 0.030
2454901.51150 18.156 0.043
2454901.64944 18.173 0.042
2454902.55457 18.190 0.044
2454903.50684 18.098 0.033
2454904.51543 18.161 0.035
2454904.57109 18.132 0.033
2454904.60809 18.077 0.027
2454904.64520 18.136 0.033
2454905.50033 18.183 0.040
2454907.56199 18.189 0.033
2454908.49878 18.227 0.033
2454908.59700 18.136 0.026
2454909.59620 18.222 0.028
2454911.55889 18.187 0.033
2454913.49803 18.171 0.034
2454914.55151 18.196 0.031
2454914.56429 18.160 0.025
2454916.50936 18.148 0.029
2454916.54198 18.112 0.026
2454917.49430 18.166 0.028
2454918.49430 18.114 0.029
2454918.56258 18.126 0.024
2454919.49373 18.188 0.027
2454920.53251 18.124 0.028
2454920.57286 18.196 0.027
2454921.49205 18.208 0.031
2454924.49084 18.206 0.031
2454924.58184 18.178 0.021
2454925.48946 18.112 0.029
2454926.52968 18.129 0.039
2454928.51671 18.084 0.029
2454928.57165 18.156 0.024
2454930.52286 18.147 0.027
2454931.51201 18.145 0.035
2454931.56649 18.116 0.034
2454934.48890 18.228 0.031
2454934.51973 18.219 0.028
2454935.53317 18.136 0.028
2454937.48366 18.133 0.022
2454938.51099 18.286 0.032
2454939.54012 18.155 0.026
2454940.49709 18.131 0.023
2454942.52757 18.154 0.026
2454943.47743 18.072 0.029
2454946.49959 18.178 0.033
2454947.52096 18.129 0.025
2454948.51663 18.215 0.032
2454949.49193 18.162 0.026
2454955.49984 18.049 0.025
2455261.55558 18.170 0.022
2455261.57982 18.142 0.020
2455262.57301 18.179 0.021
2455262.59135 18.174 0.023
2455264.53953 18.093 0.019
2455264.55446 18.114 0.020
2455265.53441 18.141 0.027
2455265.55586 18.143 0.026
2455266.53621 18.128 0.024
2455266.55185 18.132 0.025
2455267.53498 18.153 0.024
2455268.54682 18.166 0.029
2455269.51899 18.173 0.023
2455271.52772 18.237 0.023
2455273.51694 18.177 0.023
2455274.54816 18.172 0.024
2455275.54654 18.214 0.021
2455277.54258 18.130 0.029
2455280.52887 18.156 0.024
2455281.55093 18.186 0.022
2455282.50930 18.117 0.022
2455283.52346 18.234 0.034
2455284.52905 18.128 0.026
2455285.52929 18.199 0.037
2455286.50382 18.113 0.024
2455288.52193 18.161 0.030
2455291.51408 18.173 0.023
2455294.52366 18.150 0.024
2455296.55315 18.161 0.026
2455298.53762 18.153 0.027
2455301.49778 18.146 0.028
2455306.47700 18.125 0.025
2455309.52165 18.175 0.030
2455312.49293 18.193 0.033
2455314.48736 18.153 0.035
2455324.46824 18.159 0.032
2455326.47610 18.287 0.026
2455328.46731 18.152 0.025
2455337.46353 18.146 0.036
2455341.46197 18.228 0.039
2455343.46439 18.211 0.040
2455429.91758 18.131 0.017
2455430.86886 18.199 0.030
2455439.87734 18.155 0.023
2455449.89592 18.196 0.020
2455451.90495 18.113 0.029
2455454.86089 18.147 0.018
2455456.88658 18.158 0.016
2455457.86899 18.170 0.017
2455462.83796 18.141 0.023
2455465.84114 18.180 0.030
2455468.79398 18.163 0.023
2455469.84604 18.187 0.017
2455471.81674 18.209 0.019
2455476.76093 18.139 0.018
2455478.75790 18.125 0.018
2455480.77521 18.164 0.020
2455482.75096 18.212 0.024
2455483.72733 18.174 0.020
2455484.88859 18.166 0.039
2455485.76954 18.164 0.017
2455486.84771 18.180 0.020
2455488.72622 18.181 0.021
2455489.74737 18.143 0.020
2455490.83724 18.138 0.023
2455492.75711 18.183 0.022
2455493.77946 18.171 0.025
2455494.82417 18.180 0.023
2455495.78128 18.165 0.022
2455496.77914 18.237 0.030
2455497.80933 18.138 0.023
2455499.71628 18.167 0.020
2455502.78643 18.121 0.016
2455503.74166 18.100 0.018
2455505.71134 18.138 0.022
2455506.72825 18.176 0.017
2455507.74695 18.138 0.016
2455509.65536 18.150 0.021
2455509.74332 18.157 0.017
2455509.84878 18.176 0.020
2455510.71126 18.131 0.017
2455510.77841 18.161 0.018
2455510.84842 18.145 0.018
2455511.68680 18.157 0.022
2455511.78469 18.158 0.019
2455511.84676 18.190 0.020
2455512.73051 18.123 0.017
2455512.79763 18.127 0.017
2455512.86642 18.152 0.034
2455513.70077 18.124 0.022
2455513.80598 18.097 0.019
2455513.85990 18.112 0.030
2455514.73330 18.150 0.018
2455514.79947 18.124 0.017
2455514.86551 18.154 0.026
2455515.65056 18.132 0.024
2455515.76925 18.109 0.020
2455515.85868 18.151 0.024
2455516.73610 18.159 0.019
2455516.80251 18.177 0.019
2455516.86934 18.204 0.040
2455517.64850 18.188 0.023
2455517.76360 18.149 0.021
2455517.85012 18.195 0.021
2455518.74565 18.200 0.031
2455518.82568 18.170 0.026
2455519.66916 18.168 0.032
2455519.78558 18.169 0.028
2455519.86585 18.230 0.043
2455521.68889 18.183 0.028
2455521.78793 18.174 0.029
2455521.85838 18.170 0.027
2455522.71399 18.202 0.035
2455522.74825 18.234 0.026
2455522.81542 18.198 0.024
2455522.85406 18.157 0.026
2455523.67872 18.127 0.024
2455523.74878 18.182 0.023
2455523.84771 18.233 0.028
2455524.68215 18.165 0.020
2455524.75906 18.210 0.020
2455524.85690 18.126 0.022
2455525.68520 18.088 0.018
2455525.77083 18.080 0.018
2455525.85672 18.146 0.025
2455526.67228 18.118 0.018
2455526.76253 18.159 0.017
2455526.85688 18.109 0.024
2455527.64950 18.115 0.016
2455527.75298 18.122 0.017
2455527.85933 18.161 0.026
2455528.65721 18.164 0.021
2455528.76111 18.197 0.020
2455528.85462 18.150 0.023
2455528.86019 18.147 0.027
2455529.63795 18.170 0.019
2455529.75726 18.184 0.020
2455529.85021 18.128 0.024
2455530.71620 18.204 0.024
2455531.79851 18.137 0.016
2455532.70639 18.214 0.017
2455533.69615 18.181 0.020
2455534.76139 18.205 0.021
2455535.70452 18.120 0.018
2455536.74068 18.182 0.018
2455539.71743 18.117 0.018
2455540.80155 18.214 0.020
2455541.66773 18.158 0.021
2455542.72615 18.178 0.019
2455543.75758 18.153 0.024
2455544.74519 18.224 0.018
2455545.73446 18.156 0.022
2455546.68411 18.174 0.025
2455547.74386 18.164 0.022
2455548.70384 18.233 0.023
2455549.66838 18.135 0.024
2455550.72380 18.121 0.023
2455551.67435 18.150 0.027
2455553.72734 18.166 0.023
2455554.66071 18.163 0.025
2455556.67529 18.176 0.019
2455557.65646 18.212 0.020
2455558.65739 18.160 0.018
2455559.64754 18.230 0.029
2455560.63917 18.190 0.019
2455561.67280 18.141 0.022
2455562.69236 18.134 0.020
2455563.62635 18.156 0.021
2455565.65759 18.157 0.022
2455566.68490 18.158 0.019
2455568.70517 18.217 0.024
2455569.69972 18.182 0.021
2455570.73757 18.211 0.021
2455571.66961 18.229 0.021
2455572.78619 18.159 0.020
2455575.69177 18.099 0.018
2455576.66598 18.141 0.017
2455577.66754 18.136 0.020
2455578.67243 18.123 0.021
2455579.71791 18.103 0.025
2455579.72468 18.175 0.028
2455580.66837 18.126 0.018
2455581.67039 18.241 0.027
2455582.67862 18.133 0.024
2455583.68540 18.172 0.019
2455584.67140 18.137 0.020
2455585.67126 18.144 0.020
2455586.63503 18.111 0.019
2455587.61715 18.154 0.019
2455588.72109 18.181 0.024
2455589.62642 18.182 0.018
2455590.60567 18.175 0.021
2455591.66453 18.184 0.016
2455592.64675 18.166 0.017
2455593.62970 18.244 0.020
2455594.64591 18.153 0.017
2455595.62350 18.220 0.020
2455596.68773 18.100 0.018
2455597.60516 18.160 0.022
2455598.66930 18.108 0.016
2455599.63511 18.162 0.021
2455600.66785 18.092 0.017
2455601.64747 18.187 0.016
2455602.64618 18.125 0.019
2455603.65495 18.148 0.022
2455604.65208 18.130 0.021
2455605.65645 18.232 0.019
2455606.66855 18.145 0.023
2455607.67905 18.217 0.025
2455608.66683 18.119 0.027
2455609.69857 18.184 0.024
2455611.62843 18.130 0.035
2455612.68164 18.133 0.033
2455613.64317 18.170 0.028
2455614.63649 18.119 0.022
2455615.63055 18.156 0.020
2455616.63789 18.164 0.021
2455619.62983 18.217 0.019
2455620.57235 18.188 0.024
2455622.62447 18.169 0.024
2455623.58738 18.150 0.022
2455624.52849 18.209 0.029
2455625.62013 18.151 0.019
2455626.58124 18.148 0.025
2455627.54594 18.139 0.018
2455629.55164 18.170 0.021
2455630.59763 18.161 0.025
2455632.54568 18.171 0.024
2455633.59474 18.126 0.022
2455634.55513 18.253 0.026
2455635.55944 18.215 0.028
2455638.56408 18.148 0.032
2455639.57431 18.077 0.028
2455640.51331 18.197 0.041
2455641.54098 18.154 0.025
2455642.48921 18.204 0.038
2455643.48698 18.220 0.063
2455644.48875 18.285 0.040
2455645.48848 18.263 0.051
2455646.50149 18.208 0.028
2455647.50343 18.185 0.021
2455648.50330 18.196 0.026
2455649.51888 18.161 0.025
2455650.49929 18.153 0.022
2455651.50527 18.113 0.018
2455652.50019 18.145 0.020
2455653.53032 18.140 0.021
2455654.53877 18.221 0.025
2455655.52997 18.121 0.020
2455656.53886 18.190 0.019
2455656.57256 18.222 0.023
2455657.49882 18.171 0.025
2455659.49810 18.170 0.022
2455660.54350 18.191 0.024
2455664.47770 18.225 0.038
2455665.49293 18.183 0.034
2455666.48975 18.180 0.032
2455667.47121 18.185 0.037
2455668.47749 18.120 0.037
2455669.47151 18.239 0.035
2455670.52179 18.129 0.026
2455671.47333 18.238 0.041
2455672.46785 18.170 0.034
2455674.47505 18.150 0.033
2455675.46922 18.172 0.041
2455676.52414 18.213 0.010
2455677.46512 18.180 0.028
2455678.50016 18.171 0.020
2455679.46746 18.182 0.027
2455680.51591 18.164 0.026
2455681.47891 18.240 0.032
2455682.47940 18.135 0.029
2455683.48439 18.136 0.024
2455684.48859 18.124 0.024
2455685.46021 18.167 0.049
2455686.46209 18.118 0.025
2455687.46281 18.163 0.040
2455691.45575 18.251 0.059
2455692.50030 18.182 0.038
2455694.46187 18.149 0.034
2455695.45630 18.214 0.040
2455696.46524 18.167 0.037
2455697.45513 18.252 0.046
2455699.46467 18.195 0.045
2455700.45626 18.158 0.041
2455702.45316 18.189 0.052
2455783.92992 18.204 0.019
2455795.91940 18.184 0.022
2455803.86473 18.160 0.020
2455805.82916 18.171 0.023
2455806.88020 18.211 0.019
2455809.84149 18.149 0.015
2455810.84455 18.212 0.022
2455812.83736 18.150 0.020
2455814.85418 18.205 0.027
2455815.86581 18.219 0.024
2455816.83994 18.189 0.028
2455817.84053 18.182 0.022
2455818.86966 18.217 0.025
2455819.82360 18.152 0.020
2455820.89105 18.191 0.019
2455822.74756 18.173 0.030
2455822.81126 18.222 0.022
2455822.86266 18.230 0.020
2455822.90839 18.165 0.030
2455823.74889 18.229 0.023
2455823.81874 18.149 0.019
2455823.88612 18.146 0.019
2455824.74613 18.160 0.025
2455824.80808 18.174 0.019
2455824.85964 18.160 0.020
2455824.89908 18.178 0.023
2455825.74572 18.181 0.017
2455825.79633 18.105 0.016
2455825.85038 18.119 0.017
2455825.90279 18.110 0.019
2455826.72672 18.215 0.023
2455826.78767 18.162 0.018
2455826.84481 18.166 0.019
2455826.90284 18.158 0.026
2455827.71453 18.237 0.022
2455827.77986 18.149 0.017
2455827.83878 18.156 0.017
2455827.90122 18.125 0.019
2455828.71520 18.154 0.017
2455828.80057 18.193 0.017
2455828.85142 18.185 0.018
2455828.90140 18.169 0.022
2455829.72135 18.570 0.020
2455829.77199 18.165 0.015
2455829.83771 18.123 0.016
2455829.90021 18.174 0.021
2455830.71279 18.174 0.019
2455830.76800 18.180 0.018
2455830.82924 18.195 0.017
2455830.89866 18.265 0.022
2455831.82159 18.179 0.015
2455832.81107 18.190 0.016
2455833.79538 18.197 0.019
2455834.79632 18.174 0.016
2455835.85622 18.123 0.021
2455836.75942 18.113 0.016
2455837.84156 18.117 0.017
2455839.82370 18.176 0.020
2455840.80664 18.159 0.018
2455841.80366 18.171 0.020
2455842.82187 18.159 0.026
2455843.83732 18.174 0.021
2455845.80137 18.228 0.036
2455846.81281 18.158 0.035
2455850.77660 18.096 0.017
2455851.78569 18.178 0.023
2455852.76813 18.138 0.025
2455853.83916 18.156 0.023
2455854.74319 18.154 0.017
2455855.81320 18.195 0.018
2455856.78572 18.117 0.026
2455857.77004 18.181 0.028
2455858.81997 18.156 0.028
2455859.78789 18.181 0.020
2455860.77352 18.167 0.020
2455861.78254 18.138 0.019
2455862.83585 18.114 0.013
2455863.78444 18.206 0.019
2455864.69302 18.151 0.016
2455865.76162 18.201 0.020
2455866.78670 18.164 0.019
2455867.72412 18.202 0.018
2455868.82705 18.190 0.016
2455869.79257 18.220 0.018
2455870.73240 18.133 0.018
2455871.71844 18.239 0.020
2455872.72781 18.135 0.018
2455873.72300 18.166 0.022
2455874.75661 18.133 0.029
2455875.69252 18.199 0.026
2455878.71229 18.119 0.033
2455879.67753 18.211 0.030
2455880.72896 18.190 0.019
2455880.77999 18.195 0.025
2455881.71560 18.210 0.019
2455882.74636 18.172 0.019
2455883.75031 18.191 0.024
2455885.68122 18.202 0.028
2455886.71768 18.105 0.029
2455887.79002 18.156 0.016
2455888.77864 18.130 0.019
2455889.82504 18.215 0.023
2455890.75440 18.196 0.019
2455891.71304 18.174 0.023
2455892.73081 18.135 0.021
2455893.74892 18.232 0.019
2455894.77237 18.180 0.022
2455895.78947 18.223 0.022
2455896.77251 18.159 0.021
2455897.71931 18.126 0.018
2455898.70150 18.156 0.020
2455899.76068 18.144 0.018
2455900.71029 18.140 0.019
2455901.75959 18.196 0.022
2455902.71083 18.144 0.025
2455903.76599 18.154 0.025
2455904.74057 18.158 0.022
2455905.71465 18.218 0.026
2455906.72654 18.192 0.031
2455907.70293 18.203 0.023
2455908.72933 18.119 0.022
2455909.77443 18.205 0.023
2455910.68719 18.147 0.020
2455911.71906 18.143 0.019
2455912.73957 18.122 0.018
2455913.71146 18.143 0.017
2455914.73411 18.139 0.015
2455915.69110 18.164 0.016
2455916.74498 18.181 0.017
2455917.70861 18.152 0.015
2455922.72563 18.194 0.016
2455923.70189 18.103 0.014
2455924.68319 18.164 0.018
2455925.69721 18.105 0.025
2455926.70904 18.149 0.021
2455927.70801 18.149 0.022
2455929.68219 18.137 0.020
2455930.82735 18.174 0.018
2455931.64774 18.169 0.022
2455932.64517 18.262 0.025
2455933.69559 18.159 0.024
2455934.69206 18.196 0.020
2455935.64287 18.221 0.041
2455935.74024 18.126 0.044
2455935.80636 18.111 0.036
2455936.55308 18.199 0.044
2455936.63705 18.154 0.024
2455937.66728 18.123 0.019
2455938.66770 18.188 0.020
2455939.71140 18.149 0.022
2455940.74690 18.190 0.018
2455941.74767 18.170 0.022
2455942.77202 18.207 0.020
2455943.72950 18.140 0.020
2455944.72436 18.199 0.018
2455945.70264 18.178 0.018
2455946.64237 18.169 0.017
2455946.75925 18.202 0.022
2455947.70938 18.147 0.024
2455948.69864 18.151 0.016
2455949.71482 18.042 0.021
2455950.63587 18.181 0.018
2455951.66118 18.134 0.023
2455952.68575 18.168 0.016
2455953.68373 18.150 0.022
2455954.68131 18.207 0.015
2455955.70328 18.179 0.021
2455956.70396 18.187 0.017
2455958.72111 18.156 0.016
2455959.69242 18.158 0.019
2455960.69350 18.133 0.017
2455961.62689 18.136 0.017
2455962.62782 18.197 0.024
2455963.59447 18.158 0.027
2455964.60646 18.127 0.026
2455965.60543 18.115 0.022
2455967.62758 18.235 0.028
2455968.62768 18.186 0.023
2455969.60366 18.228 0.022
2455970.58116 18.165 0.017
2455971.67407 18.157 0.016
2455972.66044 18.151 0.017
2455973.64349 18.159 0.015
2455974.59853 18.127 0.019
2455976.63270 18.143 0.019
2455977.66621 18.155 0.019
2455978.64210 18.152 0.017
2455979.59286 18.204 0.019
2455980.60852 18.199 0.023
2455981.63201 18.181 0.020
2455982.63788 18.188 0.022
2455983.68055 18.186 0.017
2455984.61955 18.160 0.018
2455985.65190 18.119 0.019
2455986.58165 18.084 0.017
2455987.65675 18.165 0.019
2455988.62310 18.112 0.022
2455989.58763 18.203 0.020
2455990.58112 18.145 0.023
2455991.65613 18.145 0.027
2455992.61634 18.150 0.022
2455993.57324 18.199 0.023
2455994.57193 18.117 0.025
2455995.61961 18.180 0.027
2455996.58972 18.043 0.033
2455997.59186 18.171 0.027
2455998.59021 18.091 0.019
2455998.65067 18.182 0.024
2455999.62896 18.129 0.018
2456000.60634 18.089 0.019
2456002.57007 18.143 0.022
2456003.53616 18.253 0.024
2456004.57495 18.173 0.022
2456005.54606 18.187 0.027
2456006.52584 18.211 0.020
2456007.51017 18.165 0.020
2456007.61336 18.176 0.018
2456007.61568 18.218 0.020
2456008.53688 18.182 0.019
2456008.59750 18.161 0.019
2456009.49379 18.128 0.031
2456009.57220 18.243 0.026
2456010.48667 18.241 0.043
2456010.58959 18.157 0.029
2456011.48213 18.256 0.063
2456011.55186 18.127 0.020
2456011.62340 18.187 0.022
2456012.52861 11.695 0.003
2456012.60483 99.999 9.999
2456013.53267 99.999 9.999
2456013.60528 99.999 9.999
2456014.55166 12.330 0.003
2456014.60077 12.375 0.003
2456015.54679 13.421 0.003
2456015.58192 13.482 0.003
2456016.58763 14.226 0.003
2456017.55051 14.679 0.003
2456018.50497 15.046 0.003
2456019.55072 15.497 0.004
2456020.57643 15.617 0.004
2456021.56451 15.662 0.004
2456022.57456 16.250 0.006
2456023.55006 16.712 0.008
2456024.57290 16.443 0.007
2456025.57293 16.412 0.006
2456026.51922 16.521 0.009
2456028.55600 17.032 0.011
2456033.48145 16.921 0.011
2456034.48707 16.868 0.009
2456035.51244 17.296 0.011
2456036.48927 17.532 0.015
2456037.48900 17.276 0.013
2456038.48070 17.194 0.014
2456039.48738 17.447 0.018
2456040.48967 17.660 0.014
2456042.48729 17.154 0.011
2456047.46436 17.522 0.023
2456048.46307 17.604 0.022
2456049.48640 17.356 0.012
2456050.46199 17.259 0.015
2456052.47769 17.745 0.020
2456053.47427 17.590 0.019
2456055.48333 17.504 0.014
2456056.47034 17.862 0.019
2456057.46621 17.474 0.014
2456058.45772 17.415 0.017
2456059.46751 17.556 0.015
2456060.47030 17.818 0.019
2456061.46077 17.554 0.022
2456123.90494 18.156 0.021
2456137.90288 18.153 0.022
2456149.92649 18.168 0.024
2456165.90270 18.100 0.020
2456171.86850 18.167 0.019
2456173.91806 18.145 0.027
2456179.88743 18.187 0.031
2456179.89452 18.154 0.028
2456180.84704 18.178 0.026
2456181.86126 18.146 0.015
2456182.86582 18.160 0.016
2456183.86747 18.177 0.015
2456184.89405 18.133 0.014
2456185.84373 18.129 0.016
2456186.84075 18.097 0.018
2456191.87082 18.163 0.015
2456193.85809 18.167 0.019
2456194.87477 18.116 0.014
2456196.86257 18.141 0.017
2456199.81157 18.188 0.025
2456202.81902 18.134 0.027
2456204.85410 18.107 0.017
2456207.86484 18.120 0.023
2456208.78115 18.260 0.023
2456210.86358 18.179 0.021
2456212.81635 18.151 0.021
2456214.86751 18.166 0.025
2456216.81418 18.174 0.017
2456219.79915 18.140 0.020
2456221.81243 18.166 0.024
2456222.80199 18.170 0.028
2456223.77042 18.109 0.018
2456224.83499 18.200 0.018
2456225.71800 18.165 0.025
2456226.73034 18.209 0.024
2456229.77494 18.115 0.023
2456230.71676 18.145 0.032
2456231.74156 18.159 0.025
2456232.80749 18.206 0.021
2456233.81357 18.106 0.018
2456234.81794 18.153 0.018
2456235.76490 18.160 0.017
2456236.78286 18.157 0.017
2456237.85888 18.087 0.018
2456238.81661 18.174 0.017
2456239.79059 18.138 0.018
2456240.83388 18.189 0.025
2456241.78752 18.130 0.019
2456242.83042 18.164 0.016
2456243.79886 18.150 0.018
2456244.73170 18.195 0.019
2456245.75613 18.121 0.017
2456248.77280 18.141 0.016
2456251.76343 18.186 0.015
2456254.77330 18.147 0.015
2456257.80056 18.172 0.026
2456262.72541 18.119 0.016
2456265.79697 18.198 0.015
2456270.81330 18.141 0.015
2456274.80462 18.148 0.015
2456278.75200 18.113 0.018
2456282.77486 18.140 0.019
2456286.70813 18.131 0.018
2456289.77743 18.107 0.018
2456294.79748 18.140 0.017
2456298.74566 18.080 0.019
2456299.75530 18.201 0.020
2456304.73582 18.167 0.018
2456306.69807 18.202 0.017
2456312.67037 18.231 0.019
2456317.68148 18.178 0.018
2456323.65475 18.101 0.014
2456329.61394 18.125 0.018
2456333.60433 18.173 0.017
2456340.61696 18.206 0.015
2456343.56076 18.176 0.023
2456347.58709 18.098 0.018
2456356.60452 18.161 0.018
2456363.52130 18.200 0.019
2456371.53521 18.178 0.021
2456378.52955 18.154 0.022
2456387.51975 18.156 0.021
2456396.52581 18.102 0.019
2456404.51100 18.195 0.026
2456416.48713 18.177 0.020
2456508.91631 18.152 0.021
2456520.87934 18.123 0.015
2456531.88859 18.152 0.017
2456547.85592 18.130 0.017
2456561.82391 18.223 0.018
2456569.89368 18.169 0.019
2456577.86391 18.189 0.014
2456583.77734 18.182 0.020
2456608.81750 18.142 0.014
2456612.75366 18.170 0.017
2456616.71552 18.204 0.018
2456622.76946 18.219 0.019
2456628.79518 18.219 0.015
2456638.72244 18.166 0.014
2456645.72035 18.089 0.016
2456649.72686 18.107 0.017
2456654.74223 18.173 0.017
2456658.76151 18.162 0.013
2456662.72445 18.155 0.017
2456667.77903 18.172 0.022
2456672.76068 18.192 0.022
2456680.75496 18.161 0.015
2456690.63756 18.133 0.016
2456697.69828 18.156 0.014
2456705.66154 18.173 0.020
2456712.63088 18.147 0.016
2456720.67030 18.190 0.017
2456736.60090 18.183 0.029