3502.908  1.000144
3506.796  0.9998236
3510.683  1.000406
3514.571  1.000086
3518.459  1.000217
3522.347  0.9998971
3526.235  1.000479
3530.122  0.9997085
3534.01  0.9991637
3537.898  0.9988443
3541.786  0.9980744
3545.674  1.000009
3549.561  0.9992388
3553.449  0.9980186
3557.337  0.9986008
3561.225  0.9991832
3565.113  0.99954
3569.  0.9983203
3572.888  1.000254
3576.776  0.9994848
3580.664  0.9984909
3584.552  0.9990731
3588.439  1.00033
3592.327  0.9997872
3596.215  0.9987938
3600.103  0.9982508
3603.99  0.9995081
3607.878  0.9991902
3611.766  1.000222
3615.654  0.99788
3619.542  0.9971125
3623.43  0.9992691
3627.317  0.9978274
3631.205  1.000208
3635.093  0.9980924
3638.981  0.9991243
3642.869  0.9992568
3646.756  0.9971415
3650.644  1.000421
3654.532  0.9980813
3658.42  0.9984388
3662.308  0.9983469
3666.195  0.9982551
3670.083  0.9977139
3673.971  0.9980715
3677.859  1.000451
3681.747  1.000134
3685.634  1.000267
3689.522  1.000625
3693.41  1.000309
3697.298  1.001788
3701.186  1.00035
3705.073  0.9986873
3708.961  0.9988204
3712.849  0.9991782
3716.737  0.9977406
3720.625  0.9992203
3724.512  0.9984564
3728.4  1.00016
3732.288  0.9996206
3736.176  0.9993054
3740.063  1.000336
3743.951  1.000245
3747.839  1.002173
3751.727  1.002531
3755.615  1.001767
3759.503  1.002573
3763.39  1.003379
3767.278  1.003289
3771.166  1.002301
3775.054  1.003331
3778.942  1.001448
3782.829  1.00315
3786.717  1.001268
3790.605  1.002746
3794.493  1.001759
3798.381  1.000325
3802.268  1.001131
3806.156  1.000594
3810.044  1.0014
3813.932  1.001086
3817.82  1.000101
3821.707  1.000683
3825.595  1.001041
3829.483  1.000504
3833.371  0.9986238
3837.259  1.000325
3841.146  1.000012
3845.034  1.000818
3848.922  1.000057
3852.81  0.997955
3856.698  1.000998
3860.585  1.000238
3864.473  0.9983597
3868.361  0.9993892
3872.249  1.001536
3876.136  1.000106
3880.024  1.000241
3883.912  1.00127
3887.8  1.000735
3891.688  0.9999756
3895.576  1.000558
3899.463  1.001363
3903.351  0.9983699
3907.239  0.9985054
3911.127  1.000875
3915.015  0.9998931
3918.902  0.9998052
3922.79  0.9994938
3926.678  1.000523
3930.566  1.000435
3934.454  0.9996771
3938.341  1.000706
3942.229  1.000618
3946.117  1.00053
3950.005  0.9993266
3953.893  1.000579
3957.78  1.001607
3961.668  1.002189
3965.556  1.000093
3969.444  0.9997829
3973.332  0.9990264
3977.219  1.000278
3981.107  0.9990755
3984.995  1.000104
3988.883  0.9997938
3992.771  1.000376
3996.658  1.001627
4000.546  0.9997563
4004.434  0.9996696
4008.322  0.9993602
4012.209  1.000165
4016.097  0.9991872
4019.985  0.9977638
4023.873  1.000351
4027.761  0.9978142
4031.649  0.9999561
4035.536  0.99987
4039.424  0.9986699
4043.312  0.9999205
4047.2  0.9998344
4051.088  1.000417
4054.975  1.000553
4058.863  0.9993542
4062.751  0.9999363
4066.639  1.000964
4070.527  1.00021
4074.414  1.001015
4078.302  1.000707
4082.19  0.9992858
4086.078  0.9994229
4089.966  1.001563
4093.853  0.9990299
4097.741  1.00028
4101.629  0.9995269
4105.517  1.000554
4109.405  1.001804
4113.292  0.9979374
4117.18  1.000521
4121.068  0.9991023
4124.956  0.9999067
4128.844  0.9993774
4132.731  0.9999596
4136.619  0.9974297
4140.507  0.9977899
4144.395  0.9983724
4148.283  0.997399
4152.17  0.9977593
4156.058  0.9992304
4159.946  0.9975911
4163.834  0.9983956
4167.722  0.998978
4171.609  0.997117
4175.497  0.99881
4179.385  0.9996144
4183.273  0.9975319
4187.161  0.996782
4191.048  0.9978086
4194.936  0.998391
4198.824  0.9976415
4202.712  0.998668
4206.6  0.9981406
4210.487  0.9971694
4214.375  0.997752
4218.263  0.9990001
4222.151  1.000248
4226.039  0.9990554
4229.926  0.9976413
4233.814  0.9977802
4237.702  1.000359
4241.59  0.9987233
4245.478  0.9993058
4249.365  0.999001
4253.253  0.998253
4257.141  0.9966184
4261.029  0.9976444
4264.917  0.9984484
4268.804  0.998366
4272.692  0.9998351
4276.58  0.998866
4280.468  0.9987836
4284.355  1.000696
4288.243  0.998176
4292.131  0.9994231
4296.019  1.00067
4299.907  1.001474
4303.794  1.002942
4307.683  1.002195
4311.57  1.002999
4315.458  1.00491
4319.346  1.004828
4323.233  1.006738
4327.122  1.006434
4331.009  1.005688
4334.897  1.006713
4338.785  1.005524
4342.672  1.004778
4346.561  1.004253
4350.448  1.001959
4354.336  1.003647
4358.224  1.00069
4362.112  1.001936
4366.  1.002076
4369.887  1.000225
4373.775  1.001028
4377.663  1.000505
4381.551  1.001751
4385.438  1.000564
4389.326  0.9989355
4393.214  0.9992969
4397.102  1.000322
4400.99  1.00002
4404.877  0.9972869
4408.765  0.9978695
4412.653  0.9975683
4416.541  0.997709
4420.429  0.9978498
4424.316  0.9977697
4428.204  0.9998987
4432.092  0.9989349
4435.98  0.9984132
4439.868  1.0001
4443.755  0.9989158
4447.643  0.9986151
4451.531  0.9998602
4455.419  1.001105
4459.307  0.9985967
4463.194  0.9980755
4467.082  0.9982167
4470.97  0.9976958
4474.858  0.9973956
4478.746  0.9968749
4482.633  1.000768
4486.521  0.9993646
4490.409  0.9992854
4494.297  0.9996473
4498.185  0.9993476
4502.072  0.9988272
4505.96  1.000292
4509.848  0.9995515
4513.736  0.9990315
4517.624  0.9993936
4521.511  0.9988738
4525.399  0.9985746
4529.287  1.000039
4533.175  0.9988582
4537.062  0.9985592
4540.95  0.999142
4544.838  1.000827
4548.726  0.9992055
4552.614  0.9997882
4556.501  0.9990489
4560.389  0.9994112
4564.277  0.9997738
4568.165  1.001898
4572.053  0.9987363
4575.94  0.9986583
4579.829  0.9985803
4583.716  0.9980622
4587.604  1.000186
4591.492  0.9976865
4595.379  0.9995904
4599.268  0.9981918
4603.155  1.000536
4607.043  1.001339
4610.931  1.00038
4614.818  0.9994227
4618.707  1.000445
4622.594  1.001688
4626.482  1.002491
4630.37  1.002634
4634.258  1.002996
4638.146  1.001159
4642.033  1.002182
4645.921  1.002324
4649.809  1.002247
4653.697  1.00217
4657.584  1.000993
4661.472  1.001356
4665.36  0.9997405
4669.248  1.001642
4673.136  1.001786
4677.023  1.002148
4680.911  1.000973
4684.799  0.9993576
4688.687  0.9988417
4692.575  1.000523
4696.462  0.9995682
4700.35  0.9999313
4704.238  1.000075
4708.126  0.999779
4712.014  0.9972866
4715.901  0.9974305
4719.789  0.9988921
4723.677  0.9994751
4727.565  0.9985209
4731.453  0.9975668
4735.34  0.9990283
4739.228  0.9985135
4743.116  0.997999
4747.004  0.9988015
4750.892  0.9978482
4754.779  0.9982119
4758.667  0.9992339
4762.555  0.9989392
4766.443  0.9984251
4770.331  0.9992275
4774.218  0.9993718
4778.106  0.9988581
4781.994  0.9983442
4785.882  0.9993662
4789.77  1.001046
4793.657  1.000313
4797.545  0.9997994
4801.433  1.002575
4805.321  1.000746
4809.208  1.002206
4813.096  1.003666
4816.984  1.00688
4820.872  1.009435
4824.76  1.011771
4828.647  1.016956
4832.535  1.019072
4836.423  1.022502
4840.311  1.02659
4844.199  1.029143
4848.086  1.0306
4851.975  1.032715
4855.862  1.031981
4859.75  1.030152
4863.638  1.029419
4867.525  1.027372
4871.414  1.022259
4875.301  1.020432
4879.189  1.017949
4883.077  1.01437
4886.964  1.011012
4890.853  1.011594
4894.74  1.00955
4898.628  1.005974
4902.516  1.0059
4906.404  1.006702
4910.292  1.005315
4914.179  1.002616
4918.067  1.002761
4921.955  1.001594
4925.843  1.001083
4929.73  1.001229
4933.618  1.000719
4937.506  1.001739
4941.394  1.000573
4945.282  1.0005
4949.169  1.000209
4953.057  0.9999173
4956.945  1.002031
4960.833  0.9993349
4964.721  0.9996998
4968.608  1.000502
4972.496  1.001085
4976.384  1.000576
4980.272  1.001378
4984.16  0.9995571
4988.047  1.001452
4991.935  1.002909
4995.823  1.001744
4999.711  1.002109
5003.599  1.002474
5007.486  1.003276
5011.374  1.003204
5015.262  1.003132
5019.15  1.004152
5023.038  1.002114
5026.925  1.004663
5030.813  1.003281
5034.701  1.001899
5038.589  1.003356
5042.477  1.001756
5046.364  1.000812
5050.252  1.001177
5054.14  1.000888
5058.028  1.000816
5061.916  0.9994359
5065.803  0.9991468
5069.691  0.9997306
5073.579  0.9992232
5077.467  0.9995887
5081.354  0.999518
5085.242  0.9994473
5089.13  0.9991584
5093.018  1.000397
5096.906  1.000544
5100.793  1.000473
5104.681  0.9990946
5108.569  0.9992423
5112.457  1.001352
5116.345  1.001064
5120.232  0.9992495
5124.121  0.9983074
5128.008  1.000417
5131.896  1.000347
5135.784  1.001148
5139.671  0.9999889
5143.56  1.00188
5147.447  1.000285
5151.335  1.000433
5155.223  1.001452
5159.11  1.003125
5162.999  1.002184
5166.886  1.003857
5170.774  1.001609
5174.662  1.001539
5178.55  1.004083
5182.438  1.002271
5186.325  1.001766
5190.213  1.001044
5194.101  1.001845
5197.989  1.000035
5201.876  0.9999654
5205.764  1.001202
5209.652  1.001351
5213.54  0.9999761
5217.428  0.9990368
5221.315  1.000056
5225.203  1.002598
5229.091  1.000571
5232.979  0.9989796
5236.867  0.9986934
5240.754  0.9988425
5244.642  1.001384
5248.53  1.001316
5252.418  1.000595
5256.306  0.9998739
5260.193  1.000023
5264.081  0.9999548
5267.969  1.000539
5271.857  1.000906
5275.745  0.9993156
5279.632  0.9998997
5283.52  1.001571
5287.408  1.001937
5291.296  0.9979575
5295.184  1.000063
5299.071  1.000212
5302.959  1.001014
5306.847  1.001163
5310.735  1.000878
5314.623  1.000376
5318.51  1.000743
5322.398  1.000893
5326.286  1.000608
5330.174  1.000975
5334.062  0.9998222
5337.949  1.000624
5341.837  1.001208
5345.725  1.00114
5349.613  1.001073
5353.5  0.9994866
5357.388  0.9994198
5361.276  1.000655
5365.164  1.000805
5369.052  0.9996533
5372.939  1.001757
5376.827  1.000171
5380.715  1.001623
5384.603  1.000906
5388.491  0.9986695
5392.378  0.998603
5396.267  1.000272
5400.154  1.00129
5404.042  0.9979705
5407.93  0.9985549
5411.817  0.9991395
5415.706  0.9988565
5419.593  0.9996579
5423.481  0.9987245
5427.369  0.9995259
5431.256  0.99946
5435.145  1.000478
5439.032  1.000196
5442.92  0.9996961
5446.808  0.9978965
5450.696  0.9999983
5454.583  0.9984156
5458.471  0.999217
5462.359  0.9998015
5466.247  1.000603
5470.135  0.9998873
5474.022  0.9987388
5477.91  1.00084
5481.798  0.9990416
5485.686  0.9983267
5489.574  0.9995612
5493.461  0.9994961
5497.349  1.000081
5501.237  1.000016
5505.125  0.9999508
5509.013  1.001185
5512.9  1.000687
5516.788  0.9988904
5520.676  1.00229
5524.564  1.001575
5528.452  1.001294
5532.339  1.00058
5536.227  1.001165
5540.115  0.9974214
5544.003  0.999521
5547.891  1.001404
5551.778  1.000042
5555.666  1.001059
5559.554  1.000779
5563.442  0.9998491
5567.33  1.001299
5571.217  0.9999372
5575.105  1.000522
5578.993  1.000458
5582.881  1.001259
5586.769  1.00033
5590.656  1.000483
5594.544  0.999338
5598.432  1.000139
5602.32  0.9987786
5606.208  0.9993635
5610.095  0.9997323
5613.983  1.000101
5617.871  1.000038
5621.759  0.9988939
5625.646  0.9962374
5629.534  0.9983353
5633.422  0.9991364
5637.31  1.000154
5641.198  0.9992265
5645.085  1.001324
5648.973  1.000397
5652.861  0.9996857
5656.749  1.001567
5660.637  1.00064
5664.524  1.001657
5668.413  1.001162
5672.3  1.00002
5676.188  1.002764
5680.076  1.00119
5683.963  1.00048
5687.852  1.001065
5691.739  0.9999232
5695.627  1.001803
5699.515  1.000662
5703.402  1.001679
5707.291  1.001185
5711.178  1.000907
5715.066  1.00106
5718.954  1.000567
5722.842  0.9994258
5726.729  0.9995797
5730.617  1.001891
5734.505  1.002692
5738.393  1.001336
5742.281  1.002568
5746.168  1.000996
5750.056  1.000935
5753.944  1.000226
5757.832  0.9988706
5761.72  1.000534
5765.607  1.001335
5769.495  0.9991179
5773.383  1.000566
5777.271  0.9989955
5781.159  0.998072
5785.046  1.000597
5788.934  1.001614
5792.822  0.9993977
5796.71  0.9989057
5800.598  0.9981983
5804.485  0.9989996
5808.373  1.001094
5812.261  0.9990934
5816.149  1.00011
5820.037  0.9981103
5823.924  0.9978344
5827.812  0.9999281
5831.7  0.999006
5835.588  0.9991609
5839.476  0.9991006
5843.363  0.9983942
5847.251  0.9974725
5851.139  0.999781
5855.027  1.000582
5858.915  1.000306
5862.802  1.000462
5866.69  1.000617
5870.578  1.000987
5874.466  1.000282
5878.354  0.9997911
5882.241  1.001238
5886.129  1.000102
5890.017  1.000903
5893.905  1.00235
5897.792  1.002074
5901.68  1.001154
5905.568  1.000234
5909.456  1.001035
5913.344  1.00076
5917.231  1.000271
5921.119  1.001502
5925.007  1.000797
5928.895  1.000953
5932.783  1.000679
5936.67  1.00105
5940.559  1.00013
5944.446  1.001146
5948.334  1.001087
5952.222  1.000168
5956.109  0.9998944
5959.998  1.0022
5963.885  0.9997767
5967.773  1.001223
5971.661  1.002024
5975.548  1.000031
5979.437  1.001691
5983.324  1.001203
5987.212  1.000714
5991.1  1.001301
5994.988  1.001457
5998.875  1.001613
6002.763  0.9998364
6006.651  1.001282
6010.539  1.000794
6014.427  1.001595
6018.314  1.001322
6022.202  1.002338
6026.09  1.000777
6029.978  1.000504
6033.866  0.9985132
6037.753  0.9982408
6041.641  0.9996861
6045.529  1.000058
6049.417  1.000215
6053.305  0.9997278
6057.192  0.9981678
6061.08  0.9991834
6064.968  0.9986969
6068.856  0.999498
6072.744  0.9996551
6076.631  1.000456
6080.519  0.9999699
6084.407  0.9999127
6088.295  1.00007
6092.183  1.000013
6096.07  0.9990979
6099.958  0.9981826
6103.846  0.9983404
6107.734  1.001287
6111.622  0.9999426
6115.509  0.9992424
6119.397  0.9994002
6123.285  1.000845
6127.173  0.9986435
6131.061  0.9996592
6134.948  1.000246
6138.836  1.001047
6142.724  1.000991
6146.612  1.001792
6150.5  1.00002
6154.387  1.000178
6158.275  1.001622
6162.163  1.000494
6166.051  1.003439
6169.938  1.000811
6173.826  0.9998975
6177.714  1.00027
6181.602  0.9989284
6185.49  1.001658
6189.377  0.9996737
6193.265  0.9994037
6197.153  1.000419
6201.041  1.001434
6204.929  1.00095
6208.816  0.9993955
6212.705  0.9991257
6216.592  1.000569
6220.48  0.999229
6224.368  1.001529
6228.255  0.9997608
6232.144  0.9984208
6236.031  0.9998644
6239.919  0.9993809
6243.807  0.9982555
6247.694  1.000769
6251.583  0.9996439
6255.47  1.001301
6259.358  1.000176
6263.246  1.000121
6267.134  1.00135
6271.021  0.9997975
6274.909  0.9995289
6278.797  1.000544
6282.685  1.001559
6286.573  1.001291
6290.46  1.000166
6294.348  0.9998977
6298.236  1.000057
6302.124  1.000217
6306.012  1.000162
6309.899  0.9998943
6313.787  0.9994122
6317.675  0.9982887
6321.563  1.001229
6325.451  1.001388
6329.338  1.000479
6333.226  1.001066
6337.114  1.001867
6341.002  1.000531
6344.89  1.003042
6348.777  1.000209
6352.665  1.001438
6356.553  1.001384
6360.441  0.9991932
6364.329  1.000636
6368.216  1.000368
6372.104  1.000101
6375.992  1.000903
6379.88  1.001917
6383.768  1.000155
6387.655  1.001811
6391.543  0.9996208
6395.431  1.000849
6399.319  1.000583
6403.207  0.9996749
6407.094  1.001117
6410.982  1.00085
6414.87  0.9999431
6418.758  0.9988225
6422.646  0.9998375
6426.533  1.001066
6430.421  1.00144
6434.309  1.00096
6438.197  1.000694
6442.084  1.002563
6445.972  1.000375
6449.86  1.001177
6453.748  1.000911
6457.636  1.001712
6461.523  1.0023
6465.411  1.003101
6469.299  1.003689
6473.187  1.003637
6477.075  1.002517
6480.962  1.002678
6484.851  1.003693
6488.738  1.003214
6492.626  1.004869
6496.514  1.004817
6500.401  1.005191
6504.29  1.009832
6508.177  1.009566
6512.065  1.0125
6515.953  1.015861
6519.84  1.021353
6523.729  1.026205
6527.616  1.031057
6531.504  1.039747
6535.392  1.044811
6539.28  1.053286
6543.167  1.062826
6547.055  1.073005
6550.943  1.080411
6554.831  1.089309
6558.719  1.092238
6562.606  1.097084
6566.494  1.098733
6570.382  1.099317
6574.27  1.09649
6578.158  1.090041
6582.045  1.085724
6585.933  1.080768
6589.821  1.073682
6593.709  1.066596
6597.597  1.057381
6601.484  1.051575
6605.372  1.040231
6609.26  1.036983
6613.148  1.029689
6617.036  1.022395
6620.923  1.020001
6624.811  1.016116
6628.699  1.014148
6632.587  1.012393
6636.475  1.008935
6640.362  1.00633
6644.25  1.006918
6648.138  1.004526
6652.026  1.004688
6655.914  1.003999
6659.801  1.002034
6663.689  1.001558
6667.577  1.004275
6671.465  1.002522
6675.353  1.002473
6679.24  1.002636
6683.128  1.002161
6687.016  1.000834
6690.904  1.00121
6694.792  1.001373
6698.679  1.001324
6702.567  1.001487
6706.455  1.000587
6710.343  1.001814
6714.23  1.000914
6718.118  1.000014
6722.006  1.001879
6725.894  1.000129
6729.782  1.001143
6733.669  0.9998178
6737.557  0.9976422
6741.445  1.000358
6745.333  0.9996713
6749.221  1.000686
6753.108  1.001275
6756.997  1.000801
6760.884  1.001178
6764.772  1.002617
6768.66  1.000017
6772.547  1.00167
6776.436  1.001621
6780.323  0.9992347
6784.211  1.000249
6788.099  1.000626
6791.986  0.9997275
6795.875  1.000104
6799.762  0.9996312
6803.65  1.001921
6807.538  0.9991102
6811.426  0.9988497
6815.313  1.000289
6819.201  1.000666
6823.089  0.9993437
6826.977  1.000146
6830.865  1.00116
6834.752  1.002812
6838.64  0.9995778
6842.528  1.002504
6846.416  1.001819
6850.304  0.9983733
6854.191  0.9987507
6858.079  0.9991281
6861.967  1.000143
6865.855  0.9986088
6869.743  0.9972877
6873.63  0.9989392
6877.518  0.9976182
6881.406  0.998845
6885.294  0.9983733
6889.182  0.998751
6893.069  0.9997655
6896.957  0.9990817
6900.845  0.9994593
6904.733  0.9975025
6908.621  0.9983047
6912.508  0.999107
6916.396  1.000334
6920.284  0.9988015
6924.172  0.9991794
6928.06  1.001679
6931.947  0.999723
6935.835  1.000525
6939.723  0.9998422
6943.611  0.9995839
6947.499  0.9989011
6951.386  1.000128
6955.274  1.000082
6959.162  1.000884
6963.05  0.9989287
6966.938  0.9973982
6970.825  0.9969282
6974.713  1.001336
6978.601  1.000017
6982.489  0.9997594
6986.376  1.00247
6990.264  0.9992437
6994.152  0.9994102
6998.04  0.9997884
7001.928  1.000379
7005.815  1.000757
7009.703  1.000076
7013.591  1.000878
7017.479  0.998289
7021.367  1.000787
7025.254  0.9992582
7029.143  0.9983653
7033.03  1.000015
7036.918  0.9986987
7040.806  0.9975942
7044.693  0.999668
7048.582  0.9975042
7052.469  1.000849
7056.357  0.9999568
7060.245  0.9973695
7064.132  1.000502
7068.021  0.9989749
7071.908  1.000625
7075.796  0.9988853
7079.684  1.000323
7083.572  1.000067
7087.459  0.9998106
7091.347  0.9993424
7095.235  1.000145
7099.123  0.9984066
7103.011  0.9998444
7106.898  1.000435
7110.786  1.000814
7114.674  0.998653
7118.562  1.000726
7122.45  1.000258
7126.337  0.9978856
7130.225  1.000593
7134.113  0.9982211
7138.001  0.9979654
7141.889  0.9996148
7145.776  0.9987244
7149.664  0.998469
7153.552  0.998637
7157.44  0.9985932
7161.328  0.998338
7165.215  0.9968133
7169.103  0.9988857
7172.991  0.9977844
7176.879  0.9977409
7180.767  0.9993899
7184.654  0.9991351
7188.542  0.9984571
7192.43  0.9973562
7196.318  0.9985822
7200.206  0.998539
7204.093  0.9982843
7207.981  0.9973954
7211.869  0.9975638
7215.757  0.9977323
7219.645  0.9993813
7223.532  0.9982811
7227.42  0.9963352
7231.308  0.9969268
7235.196  0.9979414
7239.083  0.9978986
7242.971  0.9980675
7246.859  0.9988706
7250.747  0.9973481
7254.635  0.9968829
7258.522  0.998743
7262.41  0.9978551
7266.298  1.000138
7270.186  0.9986158
7274.074  0.9966715
7277.961  0.9978972
7281.849  0.9976439
7285.737  0.9982358
7289.625  0.9988274
7293.513  0.9958274
7297.4  0.9987435
7301.289  0.9961662
7305.176  0.9961244
7309.064  0.9988291
7312.952  0.9989984
7316.839  0.9959992
7320.728  0.9976475
7324.615  1.000141
7328.503  0.9998877
7332.391  0.9960443
7336.278  0.9987485
7340.167  0.999763
7344.054  0.996765
7347.942  0.9988354
7351.83  1.000061
7355.718  0.9979081
7359.605  0.9993449
7363.493  0.9957144
7367.381  0.9973623
7371.269  0.9977435
7375.157  0.9985469
7379.044  0.9987169
7382.932  1.000365
7386.82  0.9971575
7390.708  0.9971167
7394.596  1.00193
7398.483  0.9991457
7402.371  0.9980497
7406.259  1.000542
7410.147  0.9971243
7414.035  0.9979278
7417.922  0.9983093
7421.81  1.001645
7425.698  1.001604
7429.586  0.997555
7433.474  0.9973037
7437.361  1.000428
7441.249  0.9995438
7445.137  0.9982378
7449.025  0.9984086
7452.913  0.999634
7456.8  1.000016
7460.688  0.9987103
7464.576  0.9976157
7468.464  1.000106
7472.352  0.9990121
7476.239  1.000027
7480.127  0.9989323
7484.015  0.9997361
7487.903  0.9994855
7491.791  1.000711
7495.678  0.9998277
7499.566  0.9985231
7503.454  0.997851
7507.342  0.9990765
7511.229  0.9984046
7515.117  0.9981545
7519.005  0.9972718
7522.893  0.9970218
7526.781  0.9978259
7530.668  0.9979974
7534.556  0.9975366
7538.444  0.9968653
7542.332  0.9972478
7546.22  0.9965765
7550.107  0.9975913
7553.995  0.9986061
7557.883  0.9970921
7561.771  0.9962105
7565.659  0.9991216
7569.546  0.9990827
7573.435  0.9992547
7577.322  0.9977413
7581.21  0.9960173
7585.098  0.9961896
7588.985  0.9982576
7592.874  0.9988511
7596.761  0.9971275
7600.649  0.9962468
7604.537  0.9970508
7608.424  0.9953278
7612.313  0.9952896
7616.2  0.9994634
7620.088  0.997951
7623.976  0.9981236
7627.864  0.9961905
7631.751  0.9969947
7635.639  0.9973779
7639.527  0.9952346
7643.415  0.9979337
7647.303  0.9966327
7651.19  0.9963846
7655.078  0.9967678
7658.966  0.9963092
7662.854  0.9973242
7666.742  0.9958131
7670.629  0.9978804
7674.517  0.997422
7678.405  1.000121
7682.293  0.9992412
7686.181  0.9985726
7690.068  0.9976935
7693.956  0.9984978
7697.844  0.998671
7701.732  0.9996859
7705.62  0.9983862
7709.507  0.9981388
7713.395  0.9995744
7717.283  0.9995374
7721.171  0.999921
7725.059  0.9979907
7728.946  1.000478
7732.834  0.9987585
7736.722  0.9995631
7740.61  0.9991056
7744.498  0.9990688
7748.385  1.000925
7752.273  0.9989955
7756.161  1.000852
7760.049  1.002287
7763.937  1.002461
7767.824  1.003055
7771.712  1.005121
7775.6  1.002772
7779.488  1.003787
7783.375  1.00333
7787.263  1.003714
7791.151  1.004939
7795.039  1.003641
7798.927  1.003815
7802.814  1.003989
7806.702  1.002692
7810.59  1.003496
7814.478  1.004721
7818.366  1.004055
7822.253  1.001707
7826.141  0.9995692
7830.029  1.001425
7833.917  1.001179
7837.805  1.000933
7841.692  1.001528
7845.581  1.001282
7849.468  1.000406
7853.356  1.000581
7857.244  1.000545
7861.131  1.00135
7865.02  0.9994239
7868.907  0.9991785
7872.795  1.001034
7876.683  0.9995282
7880.57  1.000543
7884.458  0.9996679
7888.346  0.9977424
7892.234  0.9993878
7896.122  1.001453
7900.01  0.9997379
7903.897  0.999493
7907.785  1.000718
7911.673  1.002153
7915.561  1.000859
7919.449  1.001664
7923.336  1.001839
7927.224  1.000124
7931.112  1.00009
7935.  0.9994254
7938.888  1.000021
7942.775  1.001666
7946.663  0.999322
7950.551  1.000337
7954.439  1.000723
7958.327  1.000269
7962.214  1.000234
7966.102  0.9995705
7969.99  1.000166
7973.878  1.001391
7977.766  1.001567
7981.653  1.001323
7985.541  1.001709
7989.429  1.001255
7993.317  0.9991227
7997.205  0.9986691
8001.092  1.000314
8004.98  1.00112
8008.868  1.001506
8012.756  1.000003
8016.644  1.001858
8020.531  1.003293
8024.419  1.003259
8028.307  1.001967
8032.195  1.004031
8036.083  1.006305
8039.97  1.005642
8043.858  1.005609
8047.746  1.006414
8051.634  1.00764
8055.521  1.007606
8059.409  1.006943
8063.297  1.004603
8067.185  1.007087
8071.073  1.004327
8074.96  1.005133
8078.848  1.004261
8082.736  1.004018
8086.624  1.003776
8090.512  1.003323
8094.399  1.003291
8098.288  1.003887
8102.175  1.004693
8106.063  1.002983
8109.951  1.001902
8113.838  1.001869
8117.727  1.001627
8121.614  1.003062
8125.502  1.003868
8129.39  1.00153
8133.277  1.00024
8137.166  1.000627
8141.053  1.000804
8144.941  1.001191
8148.829  1.002207
8152.717  1.001546
8156.604  1.000047
8160.492  0.9985482
8164.38  1.000821
8168.268  1.000161
8172.156  1.000129
8176.043  1.001983
8179.931  0.9996463
8183.819  1.001291
8187.707  1.00105
8191.595  1.000808
8195.482  1.002662
8199.37  1.002002
8203.258  1.00239
8207.146  1.00152
8211.033  0.999394
8214.921  1.000201
8218.81  0.9984935
8222.697  1.000976
8226.585  1.002411
8230.473  1.001541
8234.36  1.001301
8238.248  1.000432
8242.136  1.003961
8246.023  1.002883
8249.911  1.002852
8253.8  1.001355
8257.687  1.001324
8261.575  1.002131
8265.463  1.002728
8269.351  1.000604
8273.238  1.002457
8277.126  1.00117
8281.014  1.00093
8284.901  1.001528
8288.79  1.000032
8292.678  1.000211
8296.565  1.00018
8300.453  1.001406
8304.341  0.9992821
8308.229  1.000298
8312.116  0.9990124
8316.004  1.000866
8319.892  1.000417
8323.779  0.999759
8327.668  0.9993104
8331.556  1.000118
8335.443  1.003017
8339.331  1.000894
8343.219  1.000237
8347.106  0.9999979
8350.994  1.001223
8354.882  0.998892
8358.77  1.000536
8362.658  0.9996695
8366.546  0.9994306
8370.434  0.9991919
8374.321  0.9985347
8378.209  1.001434
8382.097  1.000359
8385.984  1.001166
8389.872  1.002182
8393.76  1.000689
8397.648  1.002542
8401.536  1.001885
8405.424  1.001438
8409.312  0.999526
8413.199  0.9999151
8417.087  1.000932
8420.975  1.002785
8424.862  1.002128
8428.75  1.000845
8432.638  1.000816
8436.526  1.002042
8440.414  1.003267
8444.302  1.002611
8448.189  1.004464
8452.077  1.004435
8455.965  1.00587
8459.853  1.005423
8463.74  1.003304
8467.628  1.005366
8471.517  1.00262
8475.404  1.004681
8479.292  1.004653
8483.18  1.002743
8487.067  1.002506
8490.955  1.003731
8494.843  1.003494
8498.73  1.003675
8502.618  1.001975
8506.507  1.000066
8510.395  1.002128
8514.282  1.001891
8518.17  1.001862
8522.058  1.001208
8525.945  0.9997169
8529.833  1.002406
8533.721  0.9986165
8537.608  1.000469
8541.496  1.00086
8545.385  1.00125
8549.272  1.000177
8553.16  0.999523
8557.048  0.9997045
8560.936  1.001766
8564.823  1.002157
8568.711  1.000876
8572.599  1.001266
8576.486  1.001657
8580.375  1.000167
8584.263  0.999931
8588.15  1.001366
8592.038  1.001965
8595.926  1.001729
8599.813  1.002747
8603.701  1.002093
8607.589  1.001022
8611.477  0.9999505
8615.365  1.000133
8619.253  1.001568
8623.141  1.000497
8627.028  1.002558
8630.916  1.000026
8634.804  1.002713
8638.691  1.000599
8642.579  1.001199
8646.467  1.000337
8650.354  1.001354
8654.243  1.000284
8658.131  1.001927
8662.019  1.001275
8665.906  0.9989522
8669.794  1.000178
8673.682  1.004745
8677.569  1.00284
8681.457  1.00177
8685.345  1.006545
8689.233  1.001091
8693.121  1.001065
8697.009  1.002709
8700.896  1.002266
8704.784  1.000361
8708.672  1.002631
8712.56  1.002814
8716.447  1.001328
8720.335  0.9998407
8724.224  1.002111
8728.111  1.00292
8731.999  1.001433
8735.887  1.001199
8739.774  1.001174
8743.662  1.001983
8747.55  1.003001
8751.438  1.00068
8755.325  1.000863
8759.213  0.9993775
8763.102  1.001856
8766.989  1.001622
8770.877  1.001179
8774.765  1.001363
8778.652  1.001129
8782.54  1.002147
8786.428  1.000871
8790.315  1.00168
8794.203  1.000404
8798.092  1.000587
8801.979  0.9999369
8805.867  1.000538
8809.755  1.000096
8813.643  1.00028
8817.53  1.002132
8821.418  0.9987705
8825.306  1.00104
8829.193  1.001641
8833.082  1.0012
8836.97  1.000758
8840.857  1.000317
8844.745  1.000501
8848.633  1.000894
8852.521  0.9994098
8856.408  1.001262
8860.296  1.000612
8864.184  1.000797
8868.071  1.00119
8871.96  0.9999146
8875.848  1.000933
8879.735  1.001534
8883.623  1.001094
8887.511  1.001278
8891.398  0.9995865
8895.286  1.000188
8899.174  0.9991221
8903.062  0.9999322
8906.95  1.001368
8910.838  1.00051
8914.726  0.9992361
8918.613  1.000255
8922.501  1.001273
8926.389  1.000625
8930.276  1.00081
8934.164  1.000369
8938.052  1.002222
8941.94  1.000531
8945.828  1.001341
8949.716  1.00111
8953.604  0.9994196
8957.491  0.9993966
8961.379  1.001249
8965.267  0.9995589
8969.154  0.9995359
8973.042  1.000555
8976.93  1.00074
8980.818  0.9994672
8984.706  1.000278
8988.594  0.9985883
8992.481  0.9987739
8996.369  0.9985429
9000.257  1.002062
9004.145  1.002248
9008.032  0.9986836
9011.92  1.001786
9015.809  1.001763
9019.696  1.001532
9023.584  1.00151
9027.472  1.000446
9031.359  0.999799
9035.247  0.9999849
9039.135  1.000171
9043.022  1.000565
9046.91  0.9999185
9050.799  1.001146
9054.687  1.002582
9058.574  1.00131
9062.462  0.9998303
9066.35  0.9987671
9070.237  1.000411
9074.125  1.001431
9078.013  1.001201
9081.9  1.00222
9085.788  1.000949
9089.677  1.003009
9093.564  1.000905
9097.452  1.002133
9101.34  1.000446
9105.228  1.001257
9109.115  1.000195
9113.003  1.001006
9116.891  0.9997354
9120.778  0.9999223
9124.667  1.000317
9128.555  0.9996715
9132.442  1.002357
9136.33  0.9992127
9140.218  0.9985672
9144.105  1.000003
9147.993  0.999774
9151.881  1.000794
9155.769  0.9999402
9159.657  0.999295
9163.545  1.000523
9167.433  0.9998775
9171.32  0.9990243
9175.208  1.000044
9179.096  1.002313
9182.983  1.002292
9186.871  0.9995659
9190.759  1.002251
9194.646  0.9995248
9198.535  0.9995042
9202.423  1.000524
9206.311  1.002169
9210.198  1.000692
9214.086  1.000671
9217.974  0.9994025
9221.861  1.000214
9225.749  0.9995701
9229.637  1.001422
9233.525  1.000986
9237.413  0.9999257
9241.301  1.000114
9245.188  0.9992617
9249.076  1.000698
9252.964  1.000262
9256.852  1.000034
9260.739  1.000222
9264.627  0.9995784
9268.516  0.9978945
9272.403  0.9982908
9276.291  1.000975
9280.179  1.002204
9284.066  1.000936
9287.954  1.000916
9291.842  1.000481
9295.729  0.9981737
9299.617  0.9989862
9303.505  0.9993827
9307.394  0.9993635
9311.281  0.9989282
9315.169  1.000365
9319.057  1.000346
9322.944  0.9990787
9326.832  1.000099
9330.72  0.9988325
9334.607  1.001309
9338.495  1.00025
9342.384  1.000023
9346.271  0.9987566
9350.159  1.002065
9354.047  0.9995506
9357.935  0.9995319
9361.822  0.9986815
9365.71  0.9984547
9369.598  0.9996837
9373.485  0.9992492
9377.374  0.9977752
9381.262  0.9990042
9385.149  0.9998174
9389.037  0.999383
9392.925  1.000612
9396.812  1.001009
9400.7  0.999328
9404.588  0.9988939
9408.476  0.9999151
9412.363  1.001144
9416.252  1.000502
9420.14  1.000692
9424.027  1.000466
9427.915  1.001279
9431.803  1.000846
9435.69  1.00062
9439.578  0.9995627
9443.466  0.9999604
9447.354  1.000982
9451.242  0.998262
9455.13  1.000115
9459.018  0.9994736
9462.905  0.9990403
9466.793  0.9998538
9470.681  0.9996285
9474.568  1.00065
9478.456  1.000217
9482.344  1.000199
9486.232  1.00039
9490.12  0.9991255
9494.008  1.000563
9497.896  0.999091
9501.783  0.9984503
9505.671  1.000095
9509.559  0.9988315
9513.446  0.99923
9517.334  1.000044
9521.222  1.001689
9525.11  1.000425
9528.998  0.9991617
9532.886  1.000807
9536.773  0.999128
9540.661  0.9980724
9544.549  0.9990943
9548.437  0.9980388
9552.324  0.9994764
9556.212  1.001122
9560.101  0.9998585
9563.988  0.9992188
9567.876  0.9987866
9571.764  1.000224
9575.651  0.9987536
9579.539  0.9993603
9583.427  1.001213
9587.314  1.000366
9591.202  0.9999345
9595.091  0.999295
9598.979  0.9990711
9602.866  1.001132
9606.754  0.9998696
9610.642  0.999438
9614.529  0.9992144
9618.417  1.000237
9622.305  0.9985592
9626.192  0.999374
9630.08  0.9999812
9633.969  1.001419
9637.856  0.9999494
9641.744  0.9995183
9645.632  0.9984642
9649.52  0.9999021
9653.407  0.9998865
9657.295  0.9990402
9661.183  1.000686
9665.07  1.000463
9668.959  1.000032
9672.847  1.004169
9676.734  1.000209
9680.622  0.9987398
9684.51  1.002047
9688.397  0.9995396
9692.285  0.9991091
9696.173  1.00034
9700.061  1.00157
9703.949  0.9996864
9707.837  0.9994637
9711.725  1.001317
9715.612  0.9994338
9719.5  0.9987959
9723.388  0.9991962
9727.275  1.000427
9731.163  1.001242
9735.051  0.9989441
9738.938  0.9989293
9742.827  0.9984993
9746.715  0.9984848
9750.603  0.9997156
9754.49  1.000739
9758.378  1.000724
9762.266  1.000295
9766.153  0.9992423
9770.041  1.000058
9773.929  0.9987983
9777.817  0.9985763
9781.705  0.9983544
9785.593  0.999378
9789.48  1.000609
9793.368  0.9989345
9797.256  0.9985052
9801.144  1.000152
9805.031  1.000137
9808.919  0.9992931
9812.808  0.9999018
9816.695  0.9998879
9820.583  0.9977986
9824.471  0.9981998
9828.358  1.000054
9832.246  0.9992098
9836.134  0.9985735
9840.021  1.000427
9843.909  0.9993762
9847.797  0.998325
9851.686  0.9978965
9855.573  0.998713
9859.461  0.9993219
9863.349  1.000553
9867.236  0.9999175
9871.124  0.999904
9875.012  0.9986457
9878.899  1.000085
9882.787  1.000279
9886.676  0.9998509
9890.563  0.9998377
9894.451  0.9989946
9898.339  0.9983591
9902.227  1.000213
9906.114  0.9989555
9910.002  0.998735
9913.89  0.9997594
9917.777  0.9995391
9921.666  0.9989038
9925.554  1.000136
9929.441  0.9990856
9933.329  1.001147
9937.217  0.99989
9941.104  0.9994624
9944.992  1.000902
9948.88  0.9979851
9952.768  0.9981801
9956.655  0.9996197
9960.544  1.000644
9964.432  0.9981428
9968.319  0.9981303
9972.207  0.9985328
9976.095  0.9989355
9979.982  0.9989232
9983.87  0.9997407
9987.758  0.9991062
9991.646  0.9976421
9995.534  0.9988745
9999.422  0.9994846
10003.31  0.9982283
