# TNS ASCII Spectrum Format
# Target: AT2025wyg
# Date-Obs: 2025-09-05T17:19:40.364
# Instrument: Lesedi/Mookodi
# Observer: Moses Mlangeni
# Reducer: Moses Mlangeni
# Redshift: 0
# SN Type: Galactic Nova (Fe II)
# Data-Format: wavelength flux
4013.265369170974 0.6877719131297373
4023.273020720002 0.6964144052031421
4033.2806722690293 0.7439132877122145
4043.2883238180575 0.633985405886404
4053.295975367085 0.6682721940057867
4063.303626916113 0.637697941290184
4073.3112784651407 0.645490675758353
4083.3189300141685 0.6012983899931899
4093.3265815631967 0.5776005154347249
4103.334233112224 0.5312745721762767
4113.341884661251 0.565964388548821
4123.349536210279 0.5543407903677123
4133.357187759308 0.5483019400429238
4143.364839308335 0.5316724523823468
4153.372490857363 0.5014133258844433
4163.380142406391 0.4886614577522555
4173.387793955419 0.5259513033675787
4183.395445504446 0.5291574726938933
4193.403097053474 0.49006719875513705
4203.410748602502 0.49756783600997395
4213.41840015153 0.5310709951404166
4223.426051700557 0.5325607169298819
4233.433703249585 0.5026847572849984
4243.441354798613 0.49736021827514637
4253.4490063476405 0.44959800983041137
4263.456657896668 0.36292620027578376
4273.464309445696 0.3421098908460764
4283.471960994724 0.37808592980849065
4293.4796125437515 0.5083427081652074
4303.48726409278 0.5324789050250551
4313.494915641808 0.5409400939600785
4323.502567190835 0.5090560657355697
4333.5102187398625 0.5061436797938204
4343.517870288891 0.48637981826903787
4353.525521837919 0.5057784670478166
4363.533173386946 0.4747266020815693
4373.540824935973 0.4817830557557214
4383.548476485002 0.46803942569567664
4393.55612803403 0.4526356598952031
4403.563779583057 0.4561468656385558
4413.571431132085 0.4774277928409854
4423.5790826811135 0.44773369911054905
4433.586734230141 0.42676396474156003
4443.594385779168 0.5047879716402223
4453.602037328196 0.5549463550603597
4463.6096888772245 0.5196001180847937
4473.617340426252 0.5065673763868151
4483.624991975279 0.5171511056321718
4493.632643524307 0.5235117709875658
4503.640295073335 0.5239536166547035
4513.647946622363 0.5045889935891184
4523.65559817139 0.5095728299211385
4533.663249720418 0.5058203839923398
4543.670901269446 0.5035792700712168
4553.678552818474 0.5103129669113471
4563.686204367502 0.49494249391889555
4573.69385591653 0.45216834493881825
4583.701507465557 0.448461694898821
4593.709159014585 0.47718836699686445
4603.716810563613 0.49836660222374013
4613.724462112641 0.4890121445989841
4623.732113661668 0.510593884351767
4633.739765210696 0.5166046583498941
4643.747416759724 0.5352912631646257
4653.755068308752 0.5295398668962511
4663.762719857779 0.5361161426729519
4673.7703714068075 0.5442222422380034
4683.778022955835 0.528657145932915
4693.785674504863 0.5434317364069483
4703.79332605389 0.55702025795381
4713.8009776029185 0.5604900812917045
4723.808629151947 0.554497068039982
4733.816280700974 0.5628461607376789
4743.823932250001 0.5558216302228524
4753.831583799029 0.5428478416721
4763.839235348058 0.5300215051295306
4773.846886897085 0.5625747585951095
4783.854538446112 0.555494409156181
4793.86218999514 0.5829329866783789
4803.869841544169 0.5838083045968081
4813.877493093196 0.5401842898613352
4823.885144642224 0.44131286649655477
4833.892796191252 0.37443960911183133
4843.90044774028 0.5074271354402478
4853.908099289307 0.7169363391195966
4863.915750838335 0.7711934742203144
4873.923402387363 0.7067736174042188
4883.9310539363905 0.635520727293106
4893.938705485418 0.5872925638273058
4903.946357034446 0.5701604871194272
4913.954008583474 0.591609735466093
4923.9616601325015 0.639511115346497
4933.969311681529 0.6469216508769514
4943.976963230557 0.6314797962077552
4953.984614779585 0.6388077485092349
4963.9922663286125 0.6431283336767368
4973.999917877641 0.605706508216265
4984.007569426669 0.5633182077511508
4994.015220975696 0.5040770428316779
5004.022872524723 0.5464137587489317
5014.030524073752 0.6513322766142212
5024.03817562278 0.6783212538674334
5034.045827171807 0.6633341342919835
5044.053478720834 0.6873680222828364
5054.061130269863 0.7215245873298406
5064.068781818891 0.7249227589802258
5074.076433367918 0.7282362732413927
5084.084084916946 0.7128302492977266
5094.091736465974 0.7171806384418199
5104.099388015002 0.7039820587848707
5114.107039564029 0.7085031763468983
5124.114691113057 0.6958082568945674
5134.122342662085 0.6772834501763204
5144.129994211113 0.6443998387867043
5154.13764576014 0.6779016870308983
5164.145297309168 0.7164148961006215
5174.152948858196 0.7365188735038903
5184.160600407224 0.7375952418356262
5194.168251956252 0.7628014311414756
5204.175903505279 0.7588943775351057
5214.183555054307 0.7506817585114939
5224.191206603335 0.7503564970796571
5234.198858152363 0.7692468932665363
5244.20650970139 0.7672220186225452
5254.214161250418 0.7688067101385616
5264.221812799446 0.7543965672697497
5274.229464348474 0.7863060684021086
5284.237115897502 0.792178952503675
5294.244767446529 0.7868274912011428
5304.252418995557 0.7767259508830723
5314.260070544585 0.7712875052416055
5324.267722093613 0.783375660374126
5334.27537364264 0.8005499682145633
5344.2830251916685 0.826719749296172
5354.290676740696 0.8438316548232503
5364.298328289724 0.8426625858711222
5374.305979838751 0.8368157510358858
5384.313631387779 0.8280027081280076
5394.321282936808 0.8341670303320049
5404.328934485835 0.845458095016482
5414.336586034862 0.8371767823912102
5424.34423758389 0.8105537012774726
5434.351889132919 0.8010681436692536
5444.359540681946 0.8180680956119025
5454.367192230973 0.8129682960205716
5464.374843780001 0.8299257995948874
5474.38249532903 0.8539228734961775
5484.390146878057 0.8669572479644047
5494.397798427085 0.8723940469971425
5504.405449976112 0.8696475865689137
5514.4131015251405 0.8824226226597415
5524.420753074168 0.8886248858408655
5534.428404623196 0.8794073634440924
5544.436056172224 0.8764426046108253
5554.4437077212515 0.8913759987665798
5564.451359270279 0.900192524085573
5574.459010819307 0.925725993019452
5584.466662368335 0.9360861991315765
5594.474313917362 0.937549136879576
5604.481965466391 0.9205104938944604
5614.489617015418 0.9296124896270634
5624.497268564446 0.9524345541211533
5634.504920113473 0.9296048654990687
5644.512571662502 0.924266768673129
5654.520223211529 0.9124306128405943
5664.527874760557 0.8461006715695693
5674.535526309584 0.7910265625190012
5684.543177858613 0.8230682209167781
5694.550829407641 0.9349618567672758
5704.558480956668 0.9883315926961882
5714.566132505695 0.9574974135461535
5724.573784054724 0.9526334462526123
5734.581435603752 0.9749921690073479
5744.589087152779 0.9620880723957875
5754.596738701807 0.9605264161665679
5764.6043902508345 0.9922617168682992
5774.612041799863 1.007710964837048
5784.61969334889 0.9966568667137737
5794.627344897918 0.9778095102831412
5804.634996446946 0.9476142185484179
5814.642647995974 0.9751205502698171
5824.650299545001 0.9909839965421419
5834.657951094029 1.012666272678117
5844.665602643057 1.024178810970047
5854.673254192085 1.0126367358615147
5864.680905741112 0.9910252371222935
5874.68855729014 0.9209383085472981
5884.696208839168 0.9865479062744247
5894.703860388196 1.1525836675852967
5904.711511937224 1.1210831033868336
5914.719163486251 1.0228408574109364
5924.726815035279 1.0331491782798643
5934.734466584307 1.0021305561423726
5944.742118133335 0.9952995095856698
5954.749769682363 1.0304817845954908
5964.75742123139 1.0668162470988898
5974.7650727804175 1.0653081691998623
5984.772724329446 1.070488077672126
5994.780375878474 1.0598441363849813
6004.788027427501 1.055857672874226
6014.795678976529 1.0589841045170165
6024.803330525557 1.0622513770882822
6034.810982074585 1.0552370604334957
6044.818633623612 1.0586410897531013
6054.82628517264 1.0688737741843208
6064.833936721668 1.0644585724211066
6074.841588270696 1.0743573883306268
6084.849239819723 1.078823120073488
6094.856891368751 1.0756651712455134
6104.8645429177795 1.1031849837861205
6114.872194466807 1.1222279523930878
6124.879846015835 1.119706239471055
6134.887497564862 1.0722911363597556
6144.8951491138905 1.0
6154.902800662918 1.003405602111653
6164.910452211946 1.1099458580203125
6174.918103760973 1.1484912288796199
6184.9257553100015 1.139473938143517
6194.933406859029 1.1246657295170068
6204.941058408057 1.1062429240075586
6214.948709957084 1.0938649741035975
6224.956361506112 1.0760400757657345
6234.96401305514 1.1032883204107282
6244.971664604168 1.1333493582616945
6254.979316153196 1.14717983424533
6264.986967702223 1.14799889115506
6274.994619251252 1.159193639344371
6285.002270800279 1.1108072899212547
6295.009922349307 1.0429334080557453
6305.017573898334 1.039398551543202
6315.025225447363 1.1028738335758825
6325.03287699639 1.038424922790174
6335.040528545418 0.9850025668331854
6345.048180094445 1.0642937785813742
6355.0558316434735 1.102687449512897
6365.063483192502 1.109017288006141
6375.071134741529 1.1632436765658
6385.078786290557 1.1734519251376545
6395.0864378395845 1.1881350580461225
6405.094089388613 1.2034168006456367
6415.10174093764 1.211267951580172
6425.109392486668 1.1987242637643767
6435.1170440356955 1.1636606467041501
6445.124695584724 1.1530767050985113
6455.132347133751 1.179088863987987
6465.139998682779 1.1583421980186244
6475.147650231806 1.12584763674307
6485.155301780835 1.1805268351589377
6495.162953329862 1.232348462632043
6505.17060487889 1.2514230756443674
6515.178256427918 1.1884683149686608
6525.185907976946 0.9707928156560898
6535.193559525974 0.751355070866737
6545.201211075001 0.8986381536456061
6555.208862624029 1.3776941976853625
6565.216514173057 1.7602087273594413
6575.224165722085 1.8909652789882554
6585.231817271112 2.130897138660529
6595.23946882014 2.1342435407434635
6605.2471203691675 1.837205066341428
6615.254771918196 1.531185381123742
6625.262423467223 1.3960260374623954
6635.270075016251 1.3298932147521325
6645.277726565279 1.3144240751888863
6655.285378114307 1.26944401013715
6665.293029663335 1.1921250067609632
6675.300681212362 1.239966176349318
6685.30833276139 1.3758587475564468
6695.315984310418 1.38800257390458
6705.323635859446 1.3204263751159169
6715.331287408473 1.2954956380533846
6725.338938957501 1.3261536873628879
6735.346590506529 1.347544557149369
6745.354242055557 1.348288426204785
6755.361893604584 1.347646628208365
6765.369545153612 1.3059841793663556
6775.3771967026405 1.2576051168473719
6785.384848251668 1.2968555208438075
6795.392499800696 1.36596695671875
6805.400151349723 1.3783563933848273
6815.4078028987515 1.3860665961273686
6825.415454447779 1.3994942792993834
6835.423105996807 1.3976806863570126
6845.430757545834 1.3794731896140253
6855.438409094862 1.3571478118090168
6865.44606064389 1.2976647080827823
6875.453712192918 1.158446893402428
6885.461363741945 1.190918967029757
6895.469015290973 1.2301234282125482
6905.476666840001 1.2511444818428021
6915.484318389029 1.29354349004847
6925.491969938057 1.3263087214909088
6935.499621487084 1.343067960380137
6945.507273036113 1.3486140944409446
6955.51492458514 1.3385919597851703
6965.522576134168 1.3610928171263763
6975.530227683195 1.3413763809033707
6985.5378792322235 1.3539884019641037
6995.545530781251 1.3631915711504707
7005.553182330279 1.367095349255057
7015.560833879306 1.3454862471886948
7025.5684854283345 1.3586405644634971
7035.576136977362 1.3417311737258957
7045.58378852639 1.3370272950147268
7055.591440075418 1.3996953665229297
7065.5990916244455 1.4690270773552039
7075.606743173474 1.445295673770977
7085.614394722501 1.3916953085349257
7095.622046271529 1.3717529028351836
7105.629697820556 1.3902824083560046
7115.637349369585 1.4205439906204604
7125.645000918612 1.3975256520808437
7135.65265246764 1.3850313417865645
7145.660304016667 1.405593791831032
7155.667955565696 1.3921901226282907
7165.675607114723 1.3664967746619614
7175.683258663751 1.318103030720918
7185.690910212779 1.2853507923978296
7195.698561761807 1.2612487929523433
7205.706213310835 1.2408798759053554
7215.713864859862 1.3761021039602437
7225.72151640889 1.5663254419089352
7235.7291679579175 1.6867972214073974
7245.736819506946 1.5167444817961566
7255.744471055973 1.3586447145970237
7265.752122605001 1.351883506998949
7275.7597741540285 1.3526106235640052
7285.767425703057 1.3700011968855925
7295.775077252084 1.354895585917881
7305.782728801112 1.3526435960296586
7315.7903803501395 1.3751260631269615
7325.798031899168 1.36768181249506
7335.805683448196 1.3655270853202695
7345.813334997223 1.3618442701026257
7355.820986546251 1.3377431422425576
7365.828638095279 1.349030244690375
7375.836289644307 1.3256590554155776
7385.843941193334 1.258993886628146
7395.851592742362 1.2379748121021008
7405.85924429139 1.2236513804775455
7415.866895840418 1.2525876109535499
7425.874547389445 1.2148035420598922
7435.882198938473 1.2797872784306297
7445.8898504875015 1.3744755036549121
7455.897502036529 1.4082800921604817
7465.905153585557 1.410306793849483
7475.912805134584 1.3988600761996262
7485.920456683612 1.3804330671721559
7495.92810823264 1.3868230568088178
7505.935759781668 1.3850276469193252
7515.943411330695 1.3711352111872348
7525.951062879723 1.3703158991776458
7535.958714428751 1.3509476504924738
7545.966365977779 1.3294012292818975
7555.974017526806 1.3549587271833212
7565.981669075834 1.3279480716913734
7575.989320624862 1.1928126563197743
7585.99697217389 0.6519842491704413
7596.004623722918 0.5612025496066583
7606.012275271945 0.7976733764372987
7616.0199268209735 0.7639682465847637
7626.027578370001 0.7935309408654521
7636.035229919029 0.961915156280324
7646.042881468056 1.0778905068560118
7656.0505330170845 1.1705662248232969
7666.058184566112 1.228465982432018
7676.06583611514 1.2516825402463307
7686.073487664167 1.2281623683438432
7696.0811392131955 1.0983145662985927
7706.088790762223 0.8313974584670227
7716.096442311251 0.6312957862896678
7726.104093860279 0.7313582003123298
7736.111745409306 1.0819379414130024
7746.119396958335 1.3975912625746296
7756.127048507362 1.5109870966268752
7766.13470005639 1.57677002937084
7776.142351605417 1.567078893581259
7786.150003154446 1.5104571632111867
7796.157654703473 1.4778702617084025
7806.165306252501 1.4430200339262984
7816.172957801528 1.4173913857605067
7826.180609350557 1.4080245806812028
7836.188260899584 1.4133859930101076
7846.195912448612 1.4100337313563753
7856.20356399764 1.4611145046463356
7866.2112155466675 1.501830261480644
7876.218867095696 1.502504321743121
7886.226518644723 1.4823657917802138
7896.234170193751 1.3921880031875393
7906.2418217427785 1.4257127307208894
7916.249473291807 1.4980276693639232
7926.257124840834 1.5102214981408615
7936.264776389862 1.5418681292472043
7946.272427938889 1.5345749837942488
7956.280079487918 1.5620150711492042
7966.287731036945 1.5644028472619733
7976.295382585973 1.588430356908276
