2452166.89599 19.244 0.096
2452173.81641 19.190 0.075
2452189.88779 19.504 0.129
2452192.79042 18.972 0.053
2452201.80321 19.111 0.054
2452212.83488 19.155 0.072
2452217.81969 19.092 0.083
2452223.83950 19.508 0.102
2452226.81951 18.995 0.074
2452228.85650 19.158 0.081
2452230.77004 19.135 0.068
2452232.78980 19.073 0.086
2452234.78398 18.976 0.060
2452238.74766 19.151 0.066
2452240.86385 18.817 0.099
2452243.68943 19.213 0.093
2452248.75732 19.527 0.090
2452251.71927 19.188 0.067
2452253.80337 19.374 0.073
2452255.67832 18.996 0.077
2452261.69858 18.863 0.059
2452264.77964 19.865 0.114
2452269.81304 19.878 0.137
2452271.76044 19.696 0.096
2452273.84552 21.515 0.786
2452274.63016 19.073 0.101
2452276.73728 19.457 0.108
2452278.63580 19.528 0.096
2452280.63400 19.181 0.081
2452282.64257 18.948 0.065
2452284.63382 18.841 0.075
2452289.77622 18.643 0.060
2452291.78431 18.510 0.069
2452293.75006 18.356 0.068
2452295.77197 19.662 0.110
2452297.76528 18.579 0.063
2452299.80585 18.399 0.060
2452301.69995 19.432 0.179
2452303.69614 21.283 0.900
2452321.64656 19.387 0.102
2452327.52508 19.808 0.172
2452332.55796 19.428 0.162
2452333.52201 19.542 0.179
2452339.51019 19.363 0.114
2452347.50489 19.385 0.114
2452402.49883 18.490 0.065
2452524.89464 18.984 0.082
2452537.89458 20.153 0.322
2452542.85715 19.284 0.072
2452552.80423 20.057 0.207
2452556.79747 19.537 0.118
2452559.84565 19.562 0.118
2452563.89091 20.021 0.259
2452564.81361 19.131 0.083
2452573.81546 19.548 0.137
2452578.73963 18.847 0.084
2452583.77512 19.297 0.117
2452589.81785 19.603 0.090
2452596.70611 20.704 0.531
2452605.70737 19.891 0.158
2452609.69811 19.731 0.173
2452614.63292 19.289 0.072
2452618.69058 19.522 0.109
2452620.81853 19.456 0.075
2452623.78941 19.948 0.141
2452627.65416 19.878 0.268
2452629.67768 19.626 0.128
2452634.72577 19.898 0.128
2452635.59788 19.774 0.103
2452637.79694 99.999 9.999
2452639.62284 19.635 0.070
2452641.68833 19.806 0.114
2452643.69711 19.515 0.088
2452645.68652 19.605 0.078
2452647.64424 21.119 0.450
2452650.85967 19.082 0.074
2452653.62582 20.051 0.202
2452655.73911 19.804 0.124
2452657.59178 19.778 0.116
2452659.60678 20.327 0.248
2452661.82478 19.126 0.104
2452663.83883 18.279 0.074
2452665.84374 19.468 0.144
2452668.59373 20.594 0.442
2452670.59888 20.304 0.246
2452672.58545 19.503 0.109
2452674.60683 19.802 0.132
2452676.59330 19.138 0.080
2452678.66224 18.947 0.065
2452678.66608 18.654 0.058
2452680.59179 19.904 0.132
2452682.64062 20.127 0.219
2452686.63517 19.133 0.089
2452695.61752 19.912 0.186
2452700.57163 19.499 0.123
2452706.59047 18.784 0.093
2452713.55552 18.524 0.062
2452840.93324 14.557 0.003
2452868.87300 16.094 0.007
2452885.83797 16.437 0.009
2452892.86754 16.712 0.013
2452897.83688 16.878 0.014
2452903.88267 16.817 0.009
2452906.88582 16.933 0.011
2452911.76562 17.133 0.012
2452916.80970 16.923 0.011
2452922.79958 17.225 0.019
2452925.88810 17.340 0.019
2452930.80074 17.428 0.020
2452933.84509 17.299 0.013
2452939.85337 17.465 0.021
2452942.80300 17.527 0.019
2452944.84740 17.559 0.022
2452946.84931 17.399 0.018
2452948.86575 17.541 0.018
2452952.83984 17.808 0.022
2452956.67909 17.709 0.028
2452958.70580 17.702 0.025
2452962.71666 17.930 0.025
2452965.73576 17.762 0.019
2452967.83530 17.956 0.022
2452970.80067 17.977 0.022
2452974.73847 18.080 0.028
2452976.77317 18.081 0.024
2452978.73700 18.132 0.032
2452978.75326 18.033 0.030
2452980.69331 17.991 0.027
2452982.65272 18.121 0.030
2452984.70328 18.281 0.034
2452986.78138 17.965 0.030
2452988.75065 18.269 0.045
2452990.62281 18.130 0.028
2452992.77338 18.000 0.024
2452994.61962 18.237 0.044
2452995.62923 18.162 0.023
2452997.63820 18.230 0.026
2452999.75792 18.176 0.031
2453001.72973 18.362 0.036
2453003.70325 18.368 0.035
2453005.69401 18.343 0.040
2453007.70843 18.391 0.039
2453009.70649 18.388 0.035
2453011.67580 18.425 0.055
2453013.67904 18.396 0.038
2453017.68944 18.416 0.064
2453019.61701 18.524 0.049
2453021.73616 18.371 0.032
2453023.59814 18.527 0.037
2453024.79918 18.413 0.032
2453026.79549 18.129 0.030
2453028.80746 18.127 0.032
2453031.66940 18.594 0.036
2453033.73335 18.526 0.029
2453035.73969 18.353 0.039
2453038.71808 18.380 0.034
2453041.58627 18.572 0.078
2453043.62165 18.662 0.055
2453045.65533 18.732 0.059
2453047.60940 18.700 0.059
2453049.61502 18.547 0.030
2453051.58229 18.501 0.039
2453053.57742 18.838 0.054
2453055.57656 18.976 0.067
2453057.60141 18.451 0.040
2453060.62389 18.338 0.040
2453064.62822 18.603 0.061
2453067.68520 18.405 0.040
2453070.53355 18.866 0.068
2453073.60023 17.664 0.036
2453075.64945 18.644 0.047
2453078.56956 19.081 0.100
2453082.55893 18.917 0.062
2453084.63584 18.524 0.038
2453087.59750 18.614 0.040
2453090.56129 18.028 0.042
2453099.49610 18.781 0.059
2453102.52290 18.803 0.061
2453105.56152 18.633 0.081
2453108.53999 18.587 0.044
2453112.51134 18.602 0.045
2453116.49862 18.856 0.080
2453126.50434 19.004 0.059
2453146.46686 19.158 0.101
2453241.89188 19.261 0.100
2453247.92472 19.389 0.112
2453256.90326 18.941 0.067
2453263.87815 19.289 0.053
2453268.89372 19.192 0.073
2453273.86898 19.136 0.078
2453277.85820 18.849 0.049
2453281.84830 19.103 0.054
2453287.70986 99.999 9.999
2453289.86205 19.358 0.086
2453294.85751 18.787 0.040
2453296.86526 18.965 0.050
2453299.71652 19.358 0.070
2453301.71622 99.999 9.999
2453304.77888 19.160 0.088
2453306.85991 18.924 0.048
2453308.87668 19.396 0.131
2453311.68702 19.009 0.059
2453320.72981 19.018 0.053
2453327.69884 19.252 0.070
2453329.84946 19.028 0.048
2453334.75540 18.942 0.072
2453338.80552 19.106 0.050
2453350.63179 19.214 0.054
2453354.63752 19.486 0.112
2453358.69099 19.305 0.073
2453361.79126 19.360 0.075
2453363.74620 19.223 0.078
2453367.70002 19.194 0.081
2453372.71844 19.038 0.048
2453378.63118 20.215 0.293
2453382.60937 20.286 0.289
2453387.61749 19.144 0.071
2453391.69874 19.049 0.063
2453395.69015 19.155 0.073
2453399.66622 18.882 0.057
2453402.68308 19.727 0.108
2453404.61366 19.196 0.075
2453408.56428 19.094 0.059
2453412.60970 18.978 0.057
2453416.59310 19.275 0.072
2453424.59620 18.195 0.041
2453430.57060 18.766 0.053
2453437.50882 19.353 0.093
2453445.51352 19.425 0.119
2453453.53527 19.400 0.098
2453462.51053 19.005 0.078
2453582.91714 99.999 9.999
2453589.92391 19.086 0.052
2453617.90935 20.562 0.307
2453629.84900 19.907 0.162
2453634.81437 20.080 0.177
2453639.86729 19.039 0.048
2453641.85818 20.484 0.324
2453650.85351 19.386 0.069
2453653.88138 19.233 0.064
2453657.83462 19.736 0.110
2453661.81848 20.168 0.223
2453666.81470 19.711 0.117
2453671.84757 19.285 0.073
2453675.83014 19.563 0.081
2453683.85126 19.793 0.109
2453687.74397 19.429 0.079
2453689.84444 19.331 0.076
2453692.76833 99.999 9.999
2453694.78323 20.214 0.164
2453696.72570 19.389 0.070
2453699.72826 19.664 0.081
2453701.77935 19.753 0.099
2453704.68831 19.517 0.086
2453706.81709 19.357 0.090
2453711.69077 19.600 0.103
2453713.70448 19.805 0.125
2453716.80364 19.486 0.093
2453719.78457 19.297 0.134
2453725.77623 19.444 0.109
2453727.75101 19.197 0.056
2453730.64632 19.177 0.046
2453732.67083 19.606 0.088
2453734.76881 19.432 0.068
2453736.78519 19.362 0.076
2453737.67376 19.641 0.083
2453739.77278 19.265 0.053
2453742.59574 20.487 0.342
2453745.70724 19.270 0.059
2453747.73680 19.568 0.188
2453749.61964 20.086 0.220
2453751.72376 19.576 0.089
2453753.59539 19.797 0.130
2453755.63292 99.999 9.999
2453757.66639 19.620 0.125
2453759.73001 19.432 0.072
2453762.71833 19.386 0.082
2453765.73690 19.387 0.046
2453770.57841 19.861 0.138
2453773.58578 20.024 0.152
2453776.58481 19.184 0.073
2453779.57482 19.906 0.164
2453782.62457 19.235 0.071
2453787.54942 20.165 0.203
2453791.59664 19.117 0.070
2453799.52113 20.931 0.617
2453821.49913 19.627 0.093
2453945.92378 20.293 0.184
2453963.91997 99.999 9.999
2453969.85043 99.999 9.999
2453975.90048 20.764 0.294
2453981.82968 22.011 1.145
2453995.88010 99.999 9.999
2454001.83320 20.992 0.381
2454005.81104 20.774 0.249
2454007.81512 21.225 0.434
2454011.81525 20.408 0.277
2454018.80678 21.539 0.648
2454023.83887 19.650 0.088
2454026.74525 20.864 0.354
2454028.88141 19.707 0.118
2454031.76915 99.999 9.999
2454037.87825 19.469 0.102
2454040.84518 20.984 0.389
2454042.86089 20.002 0.154
2454046.73590 19.541 0.114
2454048.82544 19.444 0.118
2454052.66760 19.841 0.103
2454053.86523 21.121 0.495
2454056.71213 99.999 9.999
2454058.65019 19.589 0.098
2454063.64422 20.006 0.142
2454066.64202 99.999 9.999
2454069.70764 19.537 0.090
2454071.63625 22.198 1.239
2454076.70850 19.987 0.146
2454079.72118 20.808 0.419
2454083.63811 99.999 9.999
2454085.70340 21.181 0.488
2454092.82072 19.326 0.071
2454104.86755 19.297 0.143
2454112.69221 19.755 0.084
2454117.68108 99.999 9.999
2454121.65711 20.661 0.311
2454124.73996 99.999 9.999
2454129.75252 20.244 0.241
2454142.61154 99.999 9.999
2454150.59997 19.981 0.123
2454155.51331 20.011 0.171
2454166.54214 19.304 0.132
2454196.49164 20.601 0.374
2454341.86766 20.590 0.341
2454347.81760 99.999 9.999
2454351.86353 99.999 9.999
2454363.80010 22.854 2.922
2454366.85066 99.999 9.999
2454369.89119 19.320 0.106
2454372.79414 20.564 0.243
2454376.88451 20.863 0.610
2454379.89095 20.019 0.221
2454386.75208 19.840 0.117
2454388.88998 19.725 0.283
2454393.76303 20.015 0.137
2454398.83929 19.901 0.132
2454403.84570 20.325 0.287
2454411.77465 99.999 9.999
2454411.83632 21.461 0.677
2454418.72549 20.170 0.134
2454422.82207 19.770 0.119
2454429.75329 99.999 9.999
2454432.69022 19.805 0.146
2454436.72963 22.260 1.681
2454439.79532 22.226 2.177
2454443.66502 99.999 9.999
2454448.81901 19.868 0.129
2454451.65924 19.982 0.162
2454455.65801 20.695 0.415
2454457.71355 19.655 0.126
2454460.74363 21.241 0.639
2454464.70630 20.299 0.172
2454467.69881 21.213 0.487
2454471.70053 19.854 0.129
2454476.66756 20.306 0.156
2454480.66735 19.618 0.104
2454484.74637 18.369 0.051
2454488.66889 20.833 0.381
2454493.67102 19.194 0.109
2454498.64941 20.026 0.130
2454501.64245 18.636 0.063
2454506.58054 99.999 9.999
2454508.59055 19.645 0.167
2454510.66970 17.995 0.042
2454516.61943 19.195 0.147
2454519.68586 20.153 0.244
2454521.53463 21.274 0.823
2454524.51980 99.999 9.999
2454530.59925 19.913 0.203
2454532.62750 20.343 0.269
2454537.58916 18.739 0.062
2454540.64034 18.358 0.054
2454544.59430 17.455 0.029
2454547.53686 22.697 2.666
2454556.55255 19.591 0.131
2454561.53002 20.211 0.226
2454568.48471 22.449 1.959
2454575.50762 20.174 0.193
2454592.50484 18.297 0.063
2454600.48834 20.566 0.348
2454682.91221 99.999 9.999
2454691.92055 20.255 0.235
2454704.92588 99.999 9.999
2454719.84851 99.999 9.999
2454724.79472 24.079 7.475
2454727.88529 21.044 0.538
2454733.89155 24.819 9.999
2454741.81394 20.111 0.170
2454747.75664 20.132 0.154
2454747.87322 20.371 0.205
2454748.78121 21.180 0.442
2454749.70738 99.999 9.999
2454752.83245 99.999 9.999
2454756.84169 20.192 0.181
2454760.72456 20.918 0.366
2454762.84835 19.833 0.120
2454768.82628 19.957 0.133
2454771.86861 99.999 9.999
2454775.70196 99.999 9.999
2454777.71656 19.685 0.107
2454779.69390 19.997 0.161
2454780.70591 21.382 0.649
2454781.67991 19.921 0.151
2454782.64039 20.635 0.341
2454782.84297 20.193 0.215
2454783.67218 19.597 0.106
2454783.83414 19.712 0.105
2454783.85184 21.258 0.517
2454784.67486 99.999 9.999
2454784.85821 20.138 0.234
2454786.68744 20.715 0.307
2454787.67342 21.727 1.269
2454788.76370 20.018 0.142
2454791.77421 19.103 0.058
2454794.74559 20.143 0.165
2454797.72680 99.999 9.999
2454800.68830 20.324 0.173
2454801.63490 20.891 0.420
2454802.65536 20.246 0.175
2454802.80158 20.019 0.135
2454803.62463 20.188 0.193
2454804.82600 19.811 0.112
2454805.84879 19.439 0.073
2454807.80385 20.075 0.154
2454809.84162 20.219 0.171
2454812.69064 99.999 9.999
2454814.70675 99.999 9.999
2454816.70363 99.999 9.999
2454818.75964 20.150 0.157
2454820.73717 20.507 0.221
2454823.76352 19.922 0.113
2454825.83706 18.018 0.034
2454835.66718 19.769 0.169
2454837.72498 19.883 0.167
2454840.69061 19.692 0.118
2454842.67533 19.580 0.085
2454844.67447 19.797 0.100
2454847.74148 19.419 0.089
2454849.73838 18.864 0.104
2454852.74719 20.677 0.296
2454854.72322 19.514 0.099
2454856.71864 19.274 0.090
2454857.62540 19.850 0.152
2454858.67475 20.785 0.511
2454859.62194 99.999 9.999
2454861.67713 20.782 0.352
2454861.71884 20.341 0.325
2454865.68448 19.647 0.121
2454867.67424 19.906 0.135
2454870.68744 20.361 0.252
2454873.71817 18.832 0.066
2454875.68999 19.254 0.091
2454877.61207 20.829 0.421
2454879.66871 99.999 9.999
2454884.68116 19.616 0.138
2454888.56878 19.933 0.157
2454902.60510 21.326 0.771
2454911.61445 19.420 0.107
2454914.53025 18.983 0.107
2454915.49134 99.999 9.999
2454915.58625 19.850 0.192
2454916.49717 20.960 0.470
2454916.57419 19.718 0.120
2454917.50647 19.026 0.084
2454918.50591 99.999 9.999
2454919.54865 20.074 0.253
2454925.55882 19.457 0.115
2454929.48474 99.999 9.999
2454929.53016 20.713 0.481
2454930.48016 99.999 9.999
2454931.48049 18.954 0.117
2454932.56553 19.542 0.167
2454936.52960 20.152 0.260
2454938.52817 18.932 0.096
2454942.54445 19.096 0.071
2454949.51273 19.465 0.072
2454954.46621 19.859 0.281