2452086.92153 20.555 0.303
2452104.85361 21.006 0.310
2452106.91348 21.452 0.655
2452113.83393 21.063 0.494
2452114.84820 20.536 0.347
2452115.90842 21.021 0.436
2452116.89452 21.151 0.377
2452117.90023 21.157 0.408
2452122.83281 21.856 1.678
2452123.84320 20.734 0.309
2452124.86253 20.033 0.459
2452128.84777 22.698 2.479
2452129.87992 21.056 0.445
2452130.82878 20.779 0.340
2452131.82228 21.300 0.526
2452132.82847 21.042 0.489
2452133.91705 23.653 7.742
2452134.83340 21.351 0.633
2452135.86858 20.699 0.307
2452136.86775 20.925 0.500
2452137.91239 23.011 3.832
2452140.83763 20.787 0.355
2452142.88455 21.131 0.477
2452143.83858 20.273 0.194
2452144.81010 20.825 0.241
2452155.90109 20.745 0.558
2452156.84762 21.038 0.436
2452162.78389 20.933 0.279
2452166.77868 20.724 0.255
2452167.74947 20.480 0.219
2452168.73598 20.799 0.309
2452171.76202 21.328 0.436
2452172.76860 21.417 0.570
2452173.73069 20.896 0.297
2452177.66232 21.265 0.557
2452184.72372 20.572 0.379
2452185.68718 21.528 0.846
2452187.66977 20.550 0.366
2452190.71373 21.124 0.465
2452191.65554 21.605 0.687
2452192.68396 21.107 0.273
2452193.70496 21.194 0.335
2452194.67620 20.724 0.275
2452200.68718 99.999 9.999
2452201.74231 21.180 0.401
2452206.62815 20.373 0.357
2452211.66680 20.697 0.269
2452212.66586 21.501 0.720
2452213.67685 21.715 1.117
2452214.66322 20.670 0.458
2452215.67850 22.077 1.212
2452217.65616 21.857 1.239
2452219.69933 20.545 0.279
2452222.74855 21.102 0.627
2452223.68828 20.619 0.337
2452225.61782 21.287 0.431
2452226.66414 20.767 0.378
2452228.57957 20.829 0.367
2452230.51686 21.427 0.942
2452232.53064 20.276 0.225
2452234.57271 20.453 0.218
2452236.56221 20.535 0.235
2452238.56759 21.146 0.484
2452241.55440 20.914 0.473
2452243.59267 21.283 0.517
2452248.63710 21.199 0.431
2452250.61151 20.465 0.221
2452253.59101 21.160 0.479
2452256.57329 21.044 0.494
2452258.61374 20.987 0.305
2452263.60502 20.882 0.451
2452265.63101 20.499 0.227
2452270.58923 20.792 0.299
2452272.58728 21.739 0.911
2452274.57113 20.775 0.443
2452276.53865 21.660 0.808
2452280.55122 20.685 0.450
2452285.58971 20.986 0.413
2452289.58665 21.130 0.459
2452291.58735 20.709 0.301
2452293.58791 20.999 0.462
2452295.58425 21.623 0.800
2452297.58741 20.672 0.328
2452299.58389 20.522 0.325
2452301.57657 22.266 1.776
2452460.90851 21.240 0.752
2452463.93761 21.222 0.485
2452466.85945 21.537 0.892
2452467.92334 25.556 9.999
2452469.92262 20.763 0.245
2452471.91215 25.923 9.999
2452472.90223 24.962 9.999
2452473.92843 20.698 0.250
2452481.88768 21.364 0.747
2452483.91131 20.917 0.285
2452486.91145 20.875 0.500
2452488.91341 20.771 0.476
2452492.92571 99.999 9.999
2452495.92087 21.324 0.537
2452496.92549 20.703 0.288
2452498.79675 21.000 0.360
2452499.88173 20.831 0.307
2452500.89014 21.126 0.508
2452501.87689 21.215 0.402
2452502.85706 21.348 0.687
2452508.76765 20.867 0.732
2452516.79912 20.850 0.455
2452517.84587 20.805 0.379
2452518.81819 20.679 0.318
2452519.81645 20.941 0.298
2452520.81462 21.105 0.460
2452521.80778 21.079 0.349
2452524.80631 20.870 0.434
2452526.80011 20.753 0.216
2452529.79635 20.777 0.300
2452534.85695 21.170 0.603
2452535.79458 21.741 0.851
2452537.72465 20.774 0.461
2452538.82549 22.327 1.755
2452539.72265 20.850 0.362
2452540.76541 20.147 0.266
2452541.73454 21.547 0.638
2452542.70435 21.257 0.441
2452544.68455 21.889 0.815
2452545.69781 20.713 0.257
2452547.71580 21.199 0.465
2452548.73404 21.336 0.528
2452550.72932 20.900 0.319
2452551.71584 20.489 0.209
2452552.73183 21.336 0.399
2452553.67260 21.123 0.562
2452554.72497 21.046 0.382
2452555.73288 20.733 0.286
2452556.71196 21.008 0.335
2452557.72450 20.764 0.224
2452558.68095 21.666 0.666
2452559.63798 20.799 0.362
2452560.67095 20.968 0.318
2452561.71657 20.661 0.348
2452562.68930 20.922 0.381
2452563.69722 20.944 0.387
2452564.71362 21.023 0.467
2452565.70935 21.061 0.459
2452566.68429 21.065 0.424
2452568.75335 20.427 0.377
2452571.67013 21.150 0.475
2452572.77733 20.976 0.641
2452573.68325 20.739 0.447
2452574.66321 20.616 0.242
2452576.69796 21.459 0.693
2452577.66299 21.603 0.945
2452578.65052 20.855 0.390
2452579.66106 21.102 0.500
2452580.66917 21.055 0.404
2452583.64121 20.641 0.361
2452584.64769 21.079 0.483
2452586.66313 20.917 0.356
2452587.63100 21.338 0.559
2452589.62189 20.680 0.291
2452590.63867 20.941 0.439
2452591.66483 20.919 0.427
2452593.62810 20.732 0.319
2452594.63411 20.785 0.430
2452596.60776 20.789 0.425
2452597.59493 99.999 9.999
2452598.67513 21.370 0.668
2452599.62921 21.408 0.807
2452607.64930 21.201 0.628
2452610.57065 20.874 0.420
2452613.56455 22.116 1.180
2452615.59498 20.829 0.291
2452619.57948 21.880 1.034
2452621.58853 20.815 0.443
2452625.57120 21.378 0.863
2452627.54189 21.386 0.797
2452630.55615 20.270 0.320
2452635.56986 21.089 0.374
2452637.56475 21.223 0.444
2452640.53508 20.398 0.266
2452642.57483 21.185 0.574
2452646.58618 20.842 0.371
2452651.56047 20.594 0.385
2452654.58456 22.265 1.919
2452657.54036 20.582 0.384
2452661.53687 20.610 0.210
2452664.57735 20.656 0.441
2452667.53616 20.619 0.396
2452672.55530 21.511 1.087
2452676.54550 20.843 0.384
2452679.56021 20.980 0.392
2452683.53877 21.171 0.762
2452777.92553 20.956 0.522
2452804.85406 20.333 0.449
2452805.87134 20.219 0.394
2452811.92647 20.826 0.486
2452815.90009 20.856 0.334
2452817.94873 20.188 0.457
2452825.93196 20.958 0.550
2452830.83926 20.857 0.429
2452831.80886 20.314 0.281
2452832.76957 20.633 0.350
2452832.94747 20.732 0.423
2452833.88741 21.594 1.027
2452834.93806 21.124 0.589
2452836.88186 99.999 9.999
2452838.83943 21.335 0.786
2452840.84711 21.127 0.437
2452843.84842 21.012 0.386
2452844.89415 20.848 0.309
2452845.94117 20.804 0.451
2452849.87768 20.730 0.340
2452850.91043 20.891 0.440
2452852.83903 20.492 0.407
2452854.85034 20.873 0.499
2452857.85776 20.794 0.344
2452858.93138 20.999 0.339
2452860.89731 20.848 0.305
2452861.76875 20.859 0.300
2452862.89217 20.845 0.421
2452863.85684 21.058 0.625
2452865.81655 20.626 0.287
2452867.80597 21.031 0.349
2452868.80956 21.111 0.399
2452869.79609 21.154 0.418
2452870.83760 20.867 0.307
2452871.88072 21.147 0.446
2452872.83755 21.166 0.358
2452875.82839 20.805 0.344
2452876.79780 20.717 0.246
2452879.72431 20.746 0.276
2452883.84753 20.676 0.220
2452885.78286 21.259 0.340
2452890.71377 21.808 1.424
2452893.76519 21.087 0.410
2452895.81442 20.916 0.309
2452897.71794 21.185 0.467
2452899.75560 20.806 0.253
2452903.77136 21.008 0.250
2452906.72361 20.711 0.232
2452908.70062 20.866 0.348
2452910.69548 20.778 0.328
2452912.70084 20.651 0.242
2452916.71358 21.042 0.303
2452918.69046 20.907 0.361
2452922.69044 21.397 0.676
2452924.63142 21.517 0.762
2452926.62544 21.320 0.643
2452929.68661 20.824 0.353
2452931.66256 21.010 0.273
2452933.67302 21.081 0.277
2452935.63736 20.451 0.287
2452937.66296 20.844 0.423
2452939.67843 21.872 0.961
2452940.65556 20.846 0.203
2452941.63083 20.692 0.209
2452942.65562 21.162 0.440
2452943.62697 20.687 0.328
2452944.61135 20.682 0.308
2452946.60608 21.114 0.480
2452947.63769 21.562 0.680
2452949.61876 20.699 0.279
2452950.57032 20.733 0.348
2452951.65088 21.183 0.528
2452953.59882 20.809 0.333
2452955.58392 21.164 0.610
2452957.59754 20.960 0.280
2452960.61667 20.261 0.240
2452962.65182 21.019 0.406
2452965.65449 21.144 0.444
2452968.61683 20.892 0.449
2452970.63565 20.832 0.309
2452972.64021 20.720 0.371
2452975.54830 20.971 0.340
2452977.64410 20.610 0.390
2452979.58399 21.219 0.555
2452981.63128 20.585 0.567
2452983.56480 20.927 0.390
2452986.58140 20.684 0.262
2452988.55338 21.037 0.468
2452991.57953 21.241 0.552
2452994.56595 20.910 0.354
2452997.58066 20.997 0.339
2453000.57236 20.739 0.304
2453003.55468 20.714 0.347
2453006.54197 20.484 0.230
2453009.53724 21.091 0.646
2453013.53965 20.552 0.314
2453015.57491 21.290 0.522
2453018.55200 21.564 0.846
2453020.58772 20.721 0.289
2453024.54039 21.643 0.979
2453025.60001 20.687 0.295
2453027.62550 20.402 0.218
2453029.59718 21.182 0.458
2453031.60201 21.374 0.537
2453034.53225 20.652 0.289
2453037.55144 20.783 0.440
2453169.93362 99.999 9.999
2453177.93916 21.660 1.060
2453183.93344 21.679 0.863
2453193.90132 21.469 0.537
2453196.87341 20.921 0.304
2453197.93581 20.965 0.456
2453199.93449 21.241 0.821
2453202.86127 20.471 0.233
2453203.90135 21.246 0.335
2453204.94686 21.013 0.493
2453206.83917 21.218 0.504
2453210.91514 21.148 0.450
2453211.86974 21.150 0.458
2453215.80488 21.513 0.982
2453216.75078 20.344 0.323
2453217.80073 21.202 0.652
2453223.85690 21.114 0.509
2453228.77557 20.871 0.415
2453229.85740 20.681 0.221
2453231.83890 20.518 0.362
2453238.77575 20.697 0.267
2453239.81930 20.967 0.342
2453240.81200 20.902 0.438
2453241.79549 20.999 0.360
2453242.73945 20.985 0.355
2453243.87206 20.824 0.396
2453244.85067 20.853 0.505
2453245.79842 21.644 0.869
2453246.79117 20.603 0.302
2453247.79953 99.999 9.999
2453249.74984 21.157 0.539
2453251.76341 21.042 0.279
2453254.75108 21.032 0.313
2453257.77540 20.876 0.222
2453259.68813 20.994 0.315
2453261.72417 21.362 0.397
2453263.72140 20.953 0.238
2453265.74273 21.810 0.793
2453267.72949 21.314 0.429
2453270.68294 20.836 0.331
2453271.68586 20.939 0.388
2453273.64418 21.574 0.907
2453275.63007 21.697 1.049
2453276.73343 21.202 0.614
2453277.77208 21.359 0.575
2453279.70370 21.041 0.356
2453281.66225 21.001 0.268
2453283.66393 20.934 0.223
2453287.63009 20.822 0.306
2453289.64504 99.999 9.999
2453291.57800 21.729 0.857
2453295.63653 20.558 0.148
2453298.57442 22.593 1.435
2453300.57673 20.780 0.377
2453302.55371 20.396 0.289
2453305.65373 20.689 0.298
2453307.56602 20.396 0.346
2453309.59110 21.065 0.360
2453311.54272 21.172 0.469
2453314.58567 20.665 0.482
2453320.62349 21.269 0.390
2453323.57092 20.898 0.338
2453327.57844 21.088 0.346
2453330.57393 20.959 0.465
2453335.61794 20.655 0.353
2453338.56361 21.932 0.812
2453350.53794 20.592 0.222
2453353.59651 20.671 0.242
2453359.57838 20.955 0.360
2453363.58049 21.103 0.497
2453367.64009 21.270 0.567
2453372.57356 20.492 0.212
2453376.54970 20.960 0.281
2453380.53613 21.158 0.692
2453386.58308 21.439 0.375
2453395.53091 99.999 9.999
2453398.57862 20.199 0.222
2453402.57585 21.130 0.459
2453543.88948 21.184 0.520
2453551.91296 20.747 0.319
2453554.94420 20.397 0.271
2453561.95140 20.839 0.509
2453564.92910 20.584 0.171
2453568.87470 20.486 0.245
2453570.83573 22.139 1.654
2453571.82667 99.999 9.999
2453573.87237 21.438 0.876
2453575.82813 20.909 0.330
2453577.88450 20.827 0.367
2453578.92054 20.290 0.155
2453579.82559 21.460 0.424
2453581.89467 21.038 0.473
2453582.85097 20.940 0.503
2453583.86119 21.155 0.384
2453584.83143 22.705 1.723
2453585.88230 21.588 0.390
2453586.83446 20.945 0.244
2453588.85274 21.216 0.415
2453590.80879 20.703 0.197
2453592.77354 20.957 0.209
2453594.81303 20.988 0.293
2453597.85295 21.348 0.534
2453600.88915 19.870 0.252
2453602.75000 21.676 1.066
2453607.84113 21.090 0.311
2453614.81334 20.716 0.205
2453617.79714 20.660 0.193
2453619.77522 20.495 0.202
2453621.76772 21.020 0.313
2453628.79458 21.150 0.696
2453630.64647 20.941 0.525
2453632.64381 21.036 0.642
2453634.71671 20.566 0.226
2453637.67552 21.144 0.473
2453639.72545 21.033 0.220
2453641.72221 20.917 0.328
2453643.82063 21.099 0.541
2453644.76131 21.123 0.257
2453646.69235 21.024 0.406
2453650.71358 20.910 0.268
2453652.64871 20.903 0.238
2453654.62702 20.948 0.306
2453656.65072 21.056 0.364
2453657.70841 20.845 0.265
2453658.68572 21.800 0.890
2453659.66604 21.002 0.468
2453661.61473 21.102 0.525
2453663.63769 20.657 0.362
2453665.67000 20.887 0.287
2453668.61917 21.481 0.671
2453670.56986 20.800 0.375
2453672.60931 21.028 0.440
2453674.66816 20.664 0.205
2453676.60857 21.474 0.558
2453682.58531 22.984 2.522
2453684.57820 21.091 0.341
2453686.56809 20.676 0.271
2453688.54115 20.515 0.224
2453690.54705 21.360 0.772
2453692.59962 21.158 0.483
2453694.58619 20.845 0.263
2453696.58233 21.075 0.286
2453698.61606 21.242 0.598
2453700.62609 20.746 0.297
2453702.61702 21.051 0.388
2453704.61753 20.793 0.318
2453706.63241 20.964 0.249
2453708.61381 20.862 0.370
2453712.57033 21.172 0.381
2453714.57303 21.467 0.630
2453718.55650 20.648 0.296
2453721.58868 20.769 0.369
2453725.61758 21.107 0.295
2453730.54182 20.997 0.268
2453734.61251 21.009 0.303
2453738.56458 21.598 0.703
2453742.56175 20.015 0.216
2453747.56253 20.512 0.325
2453751.57033 20.561 0.378
2453762.54834 21.470 0.898
2453766.55357 21.385 0.451
2453772.58033 20.390 0.207
2453777.52767 22.050 1.471
2453871.89974 21.534 0.897
2453902.92003 21.998 1.165
2453907.91487 20.783 0.328
2453913.94042 20.797 0.221
2453918.91019 20.819 0.243
2453931.94175 20.005 0.208
2453934.87970 21.381 0.451
2453936.88802 20.979 0.369
2453938.87205 20.720 0.308
2453945.87897 20.699 0.233
2453950.82390 99.999 9.999
2453957.77944 11.794 0.003
2453959.76889 12.106 0.003
2453961.76302 12.094 0.003
2453964.77127 12.800 0.003
2453966.76352 12.949 0.003
2453968.75719 13.002 0.003
2453970.74888 13.212 0.003
2453973.71818 12.750 0.003
2453975.73044 12.732 0.003
2453980.66569 12.971 0.003
2453981.66545 13.036 0.003
2453982.72979 13.119 0.003
2453986.70312 13.422 0.003
2453991.73234 13.860 0.003
2453994.64474 13.922 0.003
2453998.67513 14.121 0.003
2454001.64593 14.273 0.003
2454003.61736 14.353 0.003
2454004.69715 14.377 0.003
2454005.69130 14.466 0.003
2454007.58456 14.527 0.003
2454008.59344 14.498 0.003
2454011.64394 14.654 0.003
2454014.62637 14.708 0.003
2454016.62315 14.815 0.003
2454018.61955 14.877 0.003
2454020.62300 14.954 0.003
2454023.60886 15.135 0.004
2454025.60923 15.310 0.004
2454027.59736 15.404 0.004
2454029.57966 15.494 0.004
2454031.56675 15.528 0.004
2454033.66099 15.609 0.004
2454038.55618 15.809 0.006
2454042.56434 15.913 0.006
2454044.58735 16.000 0.008
2454046.62044 16.013 0.006
2454049.53237 16.105 0.006
2454051.58195 16.171 0.007
2454053.62938 16.249 0.006
2454055.52203 16.345 0.010
2454057.59738 16.416 0.011
2454059.59585 16.447 0.007
2454063.54088 16.569 0.009
2454065.59293 16.658 0.008
2454067.58378 16.700 0.009
2454069.53666 16.790 0.011
2454071.54748 16.860 0.011
2454074.54357 16.936 0.012
2454077.54530 17.007 0.011
2454079.54548 17.122 0.013
2454082.54683 17.194 0.013
2454085.62418 17.447 0.019
2454092.57966 17.548 0.014
2454097.62224 17.803 0.024
2454100.61370 17.924 0.026
2454105.57770 17.938 0.028
2454111.61414 18.139 0.023
2454115.53361 18.169 0.035
2454120.56452 18.196 0.028
2454124.58160 18.288 0.032
2454128.59999 18.428 0.038
2454252.94769 19.621 0.163
2454255.86769 19.792 0.173
2454268.92644 19.908 0.139
2454275.94137 20.143 0.227
2454279.83820 19.676 0.187
2454282.82960 19.815 0.153
2454283.84865 19.774 0.194
2454284.87907 19.685 0.162
2454285.94449 19.788 0.158
2454292.88693 19.842 0.103
2454295.88040 19.933 0.138
2454296.91088 19.817 0.091
2454297.94282 19.943 0.130
2454299.87768 19.941 0.106
2454300.89942 19.953 0.118
2454301.91797 19.943 0.098
2454302.93987 19.967 0.149
2454306.93658 19.805 0.141
2454307.85114 20.217 0.144
2454308.67933 19.837 0.150
2454308.88727 19.828 0.126
2454310.85942 19.931 0.156
2454311.85928 19.787 0.220
2454312.92146 20.106 0.140
2454314.94054 19.834 0.213
2454316.84842 19.885 0.191
2454320.87573 20.244 0.197
2454326.85794 20.006 0.202
2454327.83410 20.054 0.286
2454328.84984 20.054 0.172
2454329.85096 19.836 0.137
2454330.88048 19.969 0.140
2454332.89669 19.988 0.178
2454334.87368 20.085 0.189
2454338.92611 19.999 0.190
2454340.79695 20.197 0.203
2454341.78983 19.979 0.192
2454342.86400 20.125 0.202
2454343.78338 20.293 0.193
2454344.76546 20.185 0.186
2454346.72175 20.021 0.191
2454348.72754 20.042 0.160
2454350.70420 20.227 0.155
2454352.80632 19.984 0.187
2454353.66233 20.035 0.181
2454354.78367 19.931 0.131
2454357.76735 20.278 0.230
2454359.72131 20.221 0.208
2454362.66896 19.843 0.220
2454363.62824 19.925 0.160
2454365.68662 20.418 0.319
2454369.68060 20.178 0.291
2454371.66955 19.959 0.179
2454376.67301 20.240 0.209
2454378.63963 20.143 0.194
2454379.67093 19.958 0.214
2454381.63008 20.293 0.291
2454382.70864 20.188 0.159
2454386.68289 20.000 0.142
2454388.68361 20.389 0.197
2454390.69245 20.373 0.171
2454393.68700 20.294 0.231
2454396.66156 20.267 0.233
2454398.66655 20.374 0.250
2454400.69106 20.184 0.207
2454404.66806 20.250 0.242
2454407.65595 20.394 0.215
2454410.68586 20.107 0.158
2454415.67219 20.325 0.163
2454418.61771 20.230 0.149
2454421.67552 20.279 0.182
2454423.67997 20.268 0.231
2454426.55618 20.526 0.333
2454428.57287 20.324 0.308
2454430.63309 20.438 0.241
2454432.61899 20.130 0.156
2454434.62426 20.747 0.291
2454436.60056 20.377 0.196
2454438.66322 20.488 0.313
2454440.59635 20.132 0.208
2454442.55787 20.360 0.310
2454444.58267 20.121 0.265
2454450.61510 20.419 0.318
2454452.59264 20.499 0.258
2454454.52968 19.949 0.264
2454455.60178 20.255 0.205
2454457.53731 20.038 0.248
2454459.55740 20.385 0.273
2454462.58885 20.344 0.227
2454466.61300 20.439 0.245
2454471.54766 20.203 0.220
2454475.54173 20.615 0.331
2454480.58275 20.196 0.202
2454482.58971 20.271 0.301
2454485.59278 20.811 0.468
2454488.59503 20.667 0.440
2454609.91743 20.800 0.431
2454643.90154 21.048 0.475
2454650.94042 20.564 0.237
2454655.91983 20.514 0.219
2454662.79821 20.404 0.193
2454662.91503 20.853 0.288
2454663.76980 20.243 0.245
2454663.91765 20.910 0.426
2454665.84291 19.830 0.187
2454665.93674 20.512 0.311
2454666.93588 20.592 0.348
2454670.92500 20.365 0.215
2454671.89492 20.394 0.247
2454676.92519 20.482 0.333
2454677.84080 20.602 0.194
2454682.81523 20.506 0.233
2454684.85309 20.227 0.173
2454686.81308 20.676 0.184
2454688.82904 20.525 0.196
2454690.75464 20.639 0.230
2454691.75767 20.217 0.248
2454693.91264 20.512 0.326
2454696.88632 20.509 0.429
2454697.82483 20.313 0.274
2454698.77439 20.861 0.228
2454699.76852 20.423 0.201
2454700.80323 20.473 0.224
2454701.81114 20.519 0.254
2454703.77036 20.234 0.191
2454704.78910 20.641 0.207
2454705.79660 20.937 0.410
2454707.78899 20.758 0.224
2454709.74481 20.593 0.236
2454710.77338 21.197 0.383
2454715.75334 20.842 0.330
2454716.77905 21.287 0.345
2454717.70510 20.517 0.274
2454719.79393 20.909 0.561
2454721.78677 21.894 1.373
2454724.66933 20.796 0.388
2454725.74880 20.972 0.379
2454728.75439 20.254 0.188
2454733.73096 20.689 0.246
2454740.67253 20.464 0.233
2454741.70791 20.693 0.200
2454743.75648 20.904 0.245
2454747.61211 20.783 0.370
2454749.61179 20.231 0.263
2454753.68276 20.514 0.343
2454755.67478 20.585 0.258
2454757.65927 20.460 0.213
2454759.67397 20.409 0.156
2454761.64235 20.456 0.145
2454763.65960 21.718 0.872
2454767.60052 20.666 0.281
2454770.66906 20.642 0.325
2454772.60680 20.259 0.162
2454774.56136 21.181 0.453
2454776.55297 20.901 0.361
2454777.65491 21.225 0.527
2454780.52361 20.536 0.318
2454781.63756 20.589 0.283
2454783.58669 21.143 0.540
2454785.62207 20.065 0.234
2454787.57425 20.757 0.526
2454789.55318 20.895 0.326
2454791.53470 21.086 0.508
2454793.54212 20.595 0.291
2454795.55482 20.881 0.306
2454797.54708 21.085 0.465
2454798.61042 20.419 0.252
2454800.65780 21.311 0.476
2454803.54891 20.678 0.278
2454804.60400 20.829 0.449
2454805.59086 20.335 0.205
2454807.52867 20.246 0.323
2454809.55802 20.633 0.272
2454811.57992 20.684 0.309
2454813.55685 20.519 0.352
2454815.59277 21.440 0.765
2454816.53985 20.206 0.195
2454818.59012 21.053 0.463
2454820.53162 20.872 0.444
2454822.58838 21.132 0.405
2454824.57320 20.277 0.262
2454826.63284 20.574 0.223
2454833.57228 21.111 0.385
2454835.59549 20.724 0.388
2454836.63561 21.477 0.811
2454837.56251 20.787 0.486
2454837.60646 20.275 0.279
2454838.60656 20.576 0.279
2454839.58508 20.818 0.417
2454841.55724 20.753 0.398
2454841.58281 20.449 0.302
2454842.53474 19.994 0.272
2454842.60683 20.403 0.338
2454843.52893 21.125 0.882
2454843.57704 22.217 1.568
2454844.52683 20.597 0.608
2454844.61721 20.331 0.228
2454846.58616 20.372 0.233
2454847.62249 20.599 0.401
2454848.62240 20.295 0.181
2454850.60987 20.899 0.402
2454854.60110 20.795 0.338
2454856.61834 20.621 0.244
2454862.56626 20.833 0.270
2454868.55663 20.717 0.344
2454935.91263 20.753 0.432
2454937.91334 20.249 0.219
2454940.91475 20.548 0.321
2454954.91770 20.943 0.451
2455346.93503 20.888 0.271
2455347.91477 21.084 0.371
2455358.90541 21.434 0.441
2455364.91763 20.995 0.220
2455376.93961 21.061 0.305
2455378.94102 20.969 0.212
2455380.91418 21.793 0.636
2455381.92329 21.395 0.410
2455384.88907 21.972 0.755
2455385.93604 21.202 0.171
2455387.86271 21.262 0.178
2455388.87903 21.197 0.231
2455389.88944 20.673 0.126
2455390.89203 20.848 0.162
2455392.87457 21.323 0.366
2455393.90517 21.953 0.683
2455395.89126 21.675 0.479
2455399.83002 99.999 0.713
2455400.88482 20.924 0.163
2455401.87407 21.599 0.605
2455403.87062 21.231 0.268
2455404.85239 21.232 0.276
2455405.85823 21.130 0.192
2455407.89147 21.156 0.384
2455408.87670 21.312 0.335
2455409.85012 21.050 0.184
2455410.85161 21.035 0.182
2455411.83891 21.057 0.207
2455412.83283 20.902 0.185
2455414.83193 21.030 0.127
2455421.80738 21.256 0.207
2455422.89813 99.999 0.464
2455425.88287 21.417 0.256
2455426.84901 20.865 0.139
2455427.88458 21.015 0.158
2455428.78787 21.338 0.255
2455430.76913 21.358 0.320
2455432.84100 20.974 0.381
2455433.81766 21.080 0.286
2455434.78847 21.075 0.212
2455435.78496 21.225 0.223
2455436.79436 21.482 0.232
2455437.83666 21.249 0.173
2455438.77172 20.922 0.140
2455439.75105 21.771 0.480
2455443.75121 21.181 0.188
2455444.75973 20.750 0.142
2455445.77715 21.262 0.197
2455447.76487 21.083 0.156
2455448.72841 20.897 0.131
2455449.72338 21.246 0.187
2455450.76781 21.307 0.230
2455451.70037 20.704 0.132
2455453.79529 21.111 0.136
2455454.74541 21.127 0.159
2455457.69682 21.285 0.173
2455458.73214 21.037 0.203
2455459.73203 21.405 0.214
2455462.68566 21.007 0.240
2455463.74655 21.006 0.224
2455464.77844 21.036 0.275
2455465.78585 21.341 0.414
2455467.70637 21.267 0.180
2455468.68621 21.170 0.253
2455469.73043 99.999 0.573
2455470.68077 20.979 0.139
2455471.67850 21.311 0.253
2455472.68619 20.799 0.169
2455473.70818 21.002 0.121
2455475.80182 21.078 0.163
2455476.70308 21.156 0.198
2455477.66908 21.610 0.284
2455478.62888 21.122 0.196
2455479.80020 21.272 0.207
2455480.63879 20.892 0.164
2455481.61564 21.369 0.347
2455482.63048 20.651 0.192
2455483.60633 21.549 0.351
2455484.63230 20.706 0.196
2455485.60234 21.599 0.375
2455487.64963 21.131 0.163
2455488.59567 21.247 0.245
2455489.61752 21.067 0.254
2455490.61454 20.594 0.171
2455491.59631 21.011 0.303
2455492.60746 21.313 0.318
2455493.57767 20.758 0.233
2455494.61842 21.432 0.328
2455495.60818 21.033 0.177
2455497.58763 21.343 0.282
2455498.59554 99.999 9.999
2455499.60609 21.282 0.250
2455502.60651 21.537 0.233
2455503.57704 21.323 0.235
2455504.58744 21.298 0.270
2455505.58866 20.548 0.149
2455506.59208 20.802 0.133
2455507.57528 21.043 0.165
2455508.55799 21.305 0.296
2455509.55121 21.323 0.264
2455510.59430 21.020 0.181
2455511.58007 21.247 0.262
2455512.56777 21.425 0.274
2455513.56831 20.938 0.225
2455514.62879 21.359 0.273
2455515.57038 20.997 0.272
2455516.57681 21.104 0.229
2455517.55632 21.085 0.266
2455518.56802 21.126 0.263
2455519.56550 21.157 0.321
2455521.57011 21.489 0.473
2455522.57733 21.173 0.301
2455523.60152 21.130 0.228
2455525.54171 20.873 0.173
2455526.57086 21.160 0.175
2455527.57352 21.489 0.198
2455529.54213 20.802 0.182
2455530.58574 20.990 0.166
2455533.54970 21.145 0.215
2455534.58998 20.839 0.152
2455535.59330 21.222 0.259
2455539.57740 21.341 0.227
2455540.58265 21.378 0.251
2455542.55270 20.806 0.155
2455544.60923 21.187 0.220
2455546.55233 20.691 0.201
2455547.59075 99.999 0.861
2455550.60117 21.287 0.426
2455551.59442 21.018 0.253
2455554.58857 21.083 0.345
2455556.59794 21.253 0.232
2455558.57765 21.052 0.206
2455561.56456 21.542 0.335
2455563.56980 21.426 0.315
2455567.57316 21.156 0.176
2455570.63060 99.999 5.818
2455573.56147 20.866 0.177
2455578.56079 21.244 0.330
2455581.56408 21.283 0.428
2455583.55991 20.667 0.158
2455592.55288 20.820 0.162
2455699.89220 99.999 0.892
2455724.87166 21.391 0.288
2455725.91640 21.396 0.280
2455729.92820 21.219 0.433
2455734.95281 20.789 0.306
2455737.93009 21.337 0.259
2455740.91962 21.424 0.281
2455740.94955 20.678 0.253
2455743.90848 21.490 0.392
2455744.93079 99.999 0.522
2455746.89973 21.059 0.256
2455753.93445 21.066 0.237
2455754.88568 21.462 0.333
2455756.89138 99.999 3.227
2455761.84671 20.599 0.266
2455762.84078 21.675 0.398
2455763.94161 99.999 0.655
2455764.86274 20.986 0.139
2455765.84643 20.970 0.209
2455766.86054 20.883 0.171
2455767.89312 21.213 0.239
2455768.89141 21.345 0.233
2455770.89236 21.022 0.138
2455776.88764 21.819 0.416
2455777.91801 21.141 0.194
2455782.88003 21.017 0.169
2455783.69615 21.138 0.270
2455785.76134 21.658 0.385
2455786.80903 21.028 0.227
2455787.80430 21.348 0.257
2455790.92263 20.969 0.153
2455793.83302 21.516 0.514
2455794.82506 21.215 0.200
2455795.83978 21.157 0.177
2455796.77388 21.345 0.375
2455798.84688 99.999 0.525
2455801.78736 21.238 0.251
2455802.77565 20.558 0.148
2455803.76102 21.237 0.200
2455804.83928 99.999 0.494
2455805.76981 21.347 0.275
2455806.77999 20.383 0.122
2455807.79202 21.386 0.241
2455809.76886 20.828 0.113
2455810.68693 21.429 0.248
2455811.67073 20.964 0.229
2455812.73552 20.837 0.190
2455813.74244 21.219 0.169
2455814.74239 21.302 0.305
2455815.78882 20.996 0.211
2455816.71959 21.011 0.237
2455817.73530 20.871 0.179
2455818.68798 20.921 0.240
2455819.73419 20.851 0.205
2455820.73481 21.251 0.247
2455822.71498 21.306 0.266
2455823.68912 21.350 0.228
2455824.71420 21.824 0.359
2455825.77691 21.068 0.133
2455826.69411 21.094 0.181
2455827.70896 21.102 0.180
2455828.71003 21.332 0.179
2455829.69076 21.135 0.135
2455830.68618 21.249 0.181
2455831.69880 99.999 0.339
2455832.65756 21.098 0.194
2455833.69440 21.316 0.220
2455835.66338 21.572 0.310
2455836.65670 20.962 0.131
2455837.64825 21.175 0.191
2455839.66547 21.122 0.200
2455840.70437 21.111 0.204
2455841.70261 20.745 0.184
2455842.73131 99.999 1.306
2455843.72546 21.045 0.195
2455844.68478 20.904 0.256
2455845.72430 21.342 0.441
2455846.67329 21.353 0.404
2455850.67559 21.063 0.222
2455851.68791 21.064 0.235
2455852.62578 21.729 0.494
2455853.70622 21.844 0.660
2455854.64631 21.647 0.308
2455855.74852 21.266 0.175
2455856.62783 21.100 0.176
2455857.61980 20.497 0.138
2455858.63917 21.104 0.216
2455860.62734 21.384 0.294
2455861.62397 21.166 0.185
2455862.61088 20.619 0.104
2455863.64831 99.999 0.680
2455864.56485 21.811 0.372
2455865.61827 99.999 0.600
2455866.59728 21.099 0.177
2455867.58604 21.131 0.171
2455868.62748 21.777 0.315
2455870.62853 21.001 0.138
2455871.56487 21.760 0.360
2455872.64405 21.074 0.176
2455873.59827 20.936 0.175
2455874.65772 21.194 0.352
2455875.64615 21.228 0.278
2455878.61449 20.859 0.300
2455881.61607 20.889 0.198
2455882.68020 21.541 0.291
2455887.59559 21.081 0.180
2455888.66858 20.573 0.121
2455889.61777 21.197 0.239
2455890.64524 99.999 9.999
2455891.60655 21.138 0.263
2455893.57280 21.677 0.336
2455894.57345 21.045 0.185
2455895.54510 21.658 0.305
2455896.57369 20.973 0.184
2455897.58308 21.642 0.358
2455898.58080 21.547 0.394
2455899.57965 21.904 0.557
2455900.58207 21.718 0.404
2455901.56455 20.650 0.249
2455902.58209 21.184 0.315
2455903.61714 21.218 0.353
2455904.59775 21.007 0.194
2455905.55120 99.999 0.703
2455906.58223 21.203 0.358
2455907.59393 99.999 1.296
2455909.57770 21.702 0.411
2455911.55549 21.731 0.348
2455913.58910 99.999 0.670
2455914.62085 21.567 0.249
2455915.58534 20.815 0.135
2455916.58834 21.385 0.233
2455917.58817 21.300 0.188
2455918.58448 20.771 0.141
2455922.63345 21.205 0.186
2455924.55867 21.173 0.216
2455925.61957 21.342 0.254
2455926.63294 20.741 0.239
2455929.58710 20.549 0.207
2455931.61488 20.627 0.209
2455932.58651 21.294 0.343
2455933.64851 20.884 0.263
2455934.63359 20.852 0.189
2455935.60217 99.999 0.659
2455936.60851 99.999 9.999
2455937.60791 21.092 0.311
2455938.56735 20.856 0.193
2455939.62923 20.920 0.239
2455940.62863 21.455 0.313
2455941.58547 20.953 0.211
2455942.60338 21.189 0.239
2455943.62280 21.165 0.352
2455944.61636 21.456 0.270
2455945.59534 21.426 0.354
2455946.58274 99.999 0.828
2455947.61294 20.478 0.174
2455948.56070 21.688 0.318
2455950.55850 20.789 0.150
2455953.55649 20.760 0.158
2455954.59906 20.731 0.103
2455955.58480 21.364 0.217
2455958.56104 20.996 0.188
2455961.54341 21.109 0.220
2455964.55145 20.939 0.373
2455973.56325 21.600 0.307
2455981.53995 20.678 0.215
2455984.53270 20.877 0.178
2456083.91832 21.723 0.513
2456084.89219 20.338 0.157
2456094.94777 21.241 0.444
2456100.91040 99.999 1.076
2456110.76740 21.180 0.324
2456115.93596 99.999 0.779
2456116.87642 20.819 0.127
2456125.92592 21.163 0.150
2456131.85091 99.999 1.015
2456135.89954 99.999 0.620
2456140.81218 20.859 0.240
2456151.83033 20.970 0.178
2456159.84834 21.290 0.194
2456169.75051 21.084 0.244
2456181.71421 20.649 0.122
2456183.71922 20.968 0.111
2456189.77489 99.999 4.247
2456195.80160 20.747 0.123
2456202.64506 20.721 0.183
2456207.77339 21.589 0.373
2456211.75809 99.999 0.574
2456211.78851 21.101 0.255
2456214.72868 21.290 0.267
2456216.73426 21.395 0.166
2456218.73681 21.486 0.308
2456219.74892 21.159 0.236
2456221.70806 21.798 0.434
2456232.74329 21.190 0.273
2456234.75784 21.301 0.277
2456236.71282 20.814 0.134
2456239.66098 20.788 0.162
2456245.64802 21.667 0.301
2456248.53675 99.999 0.597
2456251.53739 21.410 0.266
2456254.54688 20.971 0.203
2456257.54184 20.842 0.206
2456262.55824 99.999 9.999
2456265.63198 20.805 0.118
2456270.59809 20.949 0.133
2456275.55351 99.999 0.500
2456283.55767 21.373 0.219
2456286.55856 99.999 1.269
2456290.59430 21.622 0.339
2456293.61602 20.966 0.205
2456296.60989 20.334 0.119
2456305.55984 21.495 0.310
2456438.87469 20.297 0.198
2456454.94696 20.931 0.261
2456465.91130 21.669 0.380
2456467.88217 99.999 0.832
2456476.91744 21.145 0.224
2456483.87904 20.778 0.196
2456491.91424 21.031 0.156
2456497.89396 21.623 0.396
2456505.88446 21.250 0.250
2456511.83898 99.999 0.487
2456518.82697 21.114 0.129
2456522.71056 20.659 0.169
2456525.80527 20.756 0.239
2456531.77690 21.268 0.191
2456532.73591 21.332 0.268
2456533.76224 21.282 0.164
2456534.76345 21.689 0.222
2456537.76103 21.085 0.201
2456539.82715 99.999 0.468
2456543.74722 20.947 0.125
2456545.71767 21.393 0.177
2456548.68152 21.317 0.197
2456555.74123 21.102 0.237
2456558.76034 21.368 0.202
2456561.72378 99.999 0.761
2456564.63669 21.208 0.185
2456569.68716 21.175 0.133
2456573.67380 21.438 0.191
2456577.71479 99.999 0.340
2456582.65386 21.116 0.184
2456586.60898 21.243 0.294
2456593.60153 21.281 0.214
2456603.53276 20.973 0.194
2456608.62164 21.803 0.287
2456611.60109 20.927 0.229
2456614.56875 21.032 0.233
2456618.54740 21.656 0.340
2456624.54283 20.827 0.144
2456633.57760 20.790 0.144
2456639.58399 21.254 0.225
2456646.59738 99.999 0.715
2456653.57782 21.525 0.285
2456658.57694 21.263 0.244
2456666.60496 21.285 0.226
2456671.56629 20.741 0.248
2456683.55256 21.447 0.245