4013.265369170974 4.575383345145274
4023.273020720002 5.243074380630199
4033.2806722690293 8.21955121291519
4043.2883238180575 8.07905925019294
4053.295975367085 6.384475984005098
4063.303626916113 4.747319155754034
4073.3112784651407 3.47887546083675
4083.3189300141685 3.8789918270092913
4093.3265815631967 3.582394340054267
4103.334233112224 3.2436576692752417
4113.341884661251 3.0360885726252396
4123.349536210279 3.0482817139279064
4133.357187759308 2.754306172813457
4143.364839308335 2.8224244596558608
4153.372490857363 2.7668834370154394
4163.380142406391 2.66950379192657
4173.387793955419 2.5949554801505474
4183.395445504446 2.5147369484997744
4193.403097053474 2.5158267187638326
4203.410748602502 2.528962303324727
4213.41840015153 2.3831547531582595
4223.426051700557 2.3337769998714006
4233.433703249585 2.218983067579855
4243.441354798613 2.243913752842125
4253.4490063476405 2.2175826586298792
4263.456657896668 2.2338192726786206
4273.464309445696 2.210444412925566
4283.471960994724 2.237715093986327
4293.4796125437515 3.5120224564065396
4303.48726409278 5.39972394874196
4313.494915641808 5.600112446447798
4323.502567190835 4.545702707298086
4333.5102187398625 3.0464347349435354
4343.517870288891 2.2852027391223384
4353.525521837919 2.3782849264944006
4363.533173386946 2.3956710634776353
4373.540824935973 2.185120405472594
4383.548476485002 2.074248797827186
4393.55612803403 2.0431546930264814
4403.563779583057 2.0391336279536367
4413.571431132085 2.0719621334701137
4423.5790826811135 2.0054050012261104
4433.586734230141 1.6683611196604753
4443.594385779168 2.3395383550324413
4453.602037328196 2.9123437817212796
4463.6096888772245 2.75216131204494
4473.617340426252 2.340282358433141
4483.624991975279 1.950926457995995
4493.632643524307 1.9390854699004711
4503.640295073335 1.9408247782513894
4513.647946622363 1.823279811318205
4523.65559817139 1.8802711506946697
4533.663249720418 1.8488496806381698
4543.670901269446 1.8825195799128658
4553.678552818474 1.863788514011646
4563.686204367502 1.7972479613614776
4573.69385591653 1.7854178128424922
4583.701507465557 1.766636005389834
4593.709159014585 1.7826673939781947
4603.716810563613 1.7522981619214095
4613.724462112641 1.8670003753409157
4623.732113661668 1.9413403353564112
4633.739765210696 1.9996784419576443
4643.747416759724 1.9665966171100437
4653.755068308752 1.9206278218890973
4663.762719857779 1.8408469189431473
4673.7703714068075 1.8991255409752557
4683.778022955835 2.0319046095757303
4693.785674504863 1.792457473371511
4703.79332605389 1.8743955280887354
4713.8009776029185 1.9039465660390125
4723.808629151947 1.8403963103534697
4733.816280700974 1.7044844289780265
4743.823932250001 1.5784322472365107
4753.831583799029 1.6114491750635653
4763.839235348058 1.5450308626421907
4773.846886897085 1.5259752442040881
4783.854538446112 1.539659580678943
4793.86218999514 1.5269426483001525
4803.869841544169 1.529351049615638
4813.877493093196 1.493582279821818
4823.885144642224 1.5578216984282263
4833.892796191252 1.5612139052852363
4843.90044774028 1.8092785627442667
4853.908099289307 2.9793087113956354
4863.915750838335 5.882948508687269
4873.923402387363 5.925435184827534
4883.9310539363905 4.546937132113317
4893.938705485418 2.847304545756179
4903.946357034446 1.7146809394723115
4913.954008583474 1.5315350933381953
4923.9616601325015 1.6765718130051364
4933.969311681529 1.83697432219346
4943.976963230557 1.8209620427881261
4953.984614779585 1.57262554961295
4963.9922663286125 1.4708459780240453
4973.999917877641 1.4213609604956656
4984.007569426669 1.4311197058929632
4994.015220975696 1.483721351765329
5004.022872524723 1.4563304565816835
5014.030524073752 1.4386356427945277
5024.03817562278 1.933757914387153
5034.045827171807 2.0956985579065472
5044.053478720834 2.1396397155146913
5054.061130269863 1.721558520298315
5064.068781818891 1.6789319660065618
5074.076433367918 1.6105832207906357
5084.084084916946 1.548561631921023
5094.091736465974 1.4121775545463064
5104.099388015002 1.372541292874524
5114.107039564029 1.343859687962311
5124.114691113057 1.2914448273489745
5134.122342662085 1.2858220963969176
5144.129994211113 1.3480499004325486
5154.13764576014 1.3098380435581838
5164.145297309168 1.2936291566407865
5174.152948858196 1.327485150702705
5184.160600407224 1.3476194084074133
5194.168251956252 1.316753156123319
5204.175903505279 1.3371751515896608
5214.183555054307 1.2751480628475464
5224.191206603335 1.2711438146940315
5234.198858152363 1.2780098694980342
5244.20650970139 1.272404065151516
5254.214161250418 1.2582774091246287
5264.221812799446 1.2479199625353248
5274.229464348474 1.231613465078953
5284.237115897502 1.2210204637809663
5294.244767446529 1.2235129669359468
5304.252418995557 1.2145016309753631
5314.260070544585 1.2289904227370443
5324.267722093613 1.199763886406958
5334.27537364264 1.1651042116992965
5344.2830251916685 1.2168405341456954
5354.290676740696 1.2013425332676735
5364.298328289724 1.1708576448754717
5374.305979838751 1.153125203103863
5384.313631387779 1.1407915835711797
5394.321282936808 1.117418921335294
5404.328934485835 1.156132990305799
5414.336586034862 1.1066360239922715
5424.34423758389 1.0959554915113847
5434.351889132919 1.1120534773904556
5444.359540681946 1.1342268442554888
5454.367192230973 1.0958843552252464
5464.374843780001 1.0782556601369744
5474.38249532903 1.072274071619511
5484.390146878057 1.103541486697563
5494.397798427085 1.0954824680597581
5504.405449976112 1.108423549541401
5514.4131015251405 1.0898312385932925
5524.420753074168 1.1035335569136204
5534.428404623196 1.098864204088297
5544.436056172224 1.0878712049303414
5554.4437077212515 1.072404073491466
5564.451359270279 1.0466032495891353
5574.459010819307 1.0467465690172322
5584.466662368335 1.0719378473018986
5594.474313917362 1.0484446508111809
5604.481965466391 1.0281555689442041
5614.489617015418 1.0092340687273982
5624.497268564446 1.022812009693859
5634.504920113473 1.024538415289408
5644.512571662502 1.038941481793948
5654.520223211529 1.003032521185448
5664.527874760557 1.0159695280097092
5674.535526309584 0.9940775010984263
5684.543177858613 1.0249421807066441
5694.550829407641 1.0771565715719496
5704.558480956668 1.1311079634502337
5714.566132505695 1.1517061073661528
5724.573784054724 1.1002469024566481
5734.581435603752 1.0838596495303894
5744.589087152779 1.0344715152944097
5754.596738701807 1.0393118812713202
5764.6043902508345 1.0219578775815334
5774.612041799863 1.0161745306153034
5784.61969334889 0.9892220511530323
5794.627344897918 0.9775362295810371
5804.634996446946 0.9314146391486198
5814.642647995974 0.9431421371379006
5824.650299545001 0.9298198233791345
5834.657951094029 0.9589306517265832
5844.665602643057 0.9403683665509392
5854.673254192085 0.9463685028959522
5864.680905741112 0.9514184831018674
5874.68855729014 0.8635835271684635
5884.696208839168 0.8754640011188763
5894.703860388196 1.5092183802893329
5904.711511937224 1.9742798277200617
5914.719163486251 1.920657515390024
5924.726815035279 1.5689497970043202
5934.734466584307 1.2278805694628108
5944.742118133335 1.015663305463512
5954.749769682363 0.9800002272742971
5964.75742123139 1.0251032110592944
5974.7650727804175 1.0
5984.772724329446 0.9987507183585324
5994.780375878474 1.0150489410873325
6004.788027427501 1.0204358967766347
6014.795678976529 0.9764511629287114
6024.803330525557 0.9720756928819184
6034.810982074585 0.9328234381540064
6044.818633623612 0.8992212804716013
6054.82628517264 0.9101567882833943
6064.833936721668 0.8811950541369209
6074.841588270696 0.8642805278898535
6084.849239819723 0.8759700517714407
6094.856891368751 0.851357674622879
6104.8645429177795 0.860587621497959
6114.872194466807 0.856786844734654
6124.879846015835 0.8509157934102745
6134.887497564862 0.8734018379898053
6144.8951491138905 0.8332723270881761
6154.902800662918 0.8516930754084483
6164.910452211946 0.8518214501889166
6174.918103760973 0.8737501099650257
6184.9257553100015 0.8886813085226141
6194.933406859029 0.8594360514336835
6204.941058408057 0.8703933489333091
6214.948709957084 0.8309379693703612
6224.956361506112 0.8381501441702527
6234.96401305514 0.847933987272283
6244.971664604168 0.8501469796755725
6254.979316153196 0.8515834602673116
6264.986967702223 0.8485355029427488
6274.994619251252 0.8492341416528663
6285.002270800279 0.8558366252611102
6295.009922349307 0.8311451768183364
6305.017573898334 0.8153113246365158
6315.025225447363 0.786665716683185
6325.03287699639 0.8173325829406236
6335.040528545418 0.8450738663314374
6345.048180094445 0.8277614785072549
6355.0558316434735 0.8843371550385859
6365.063483192502 0.8996318270846639
6375.071134741529 0.8959158597738256
6385.078786290557 0.942536662991228
6395.0864378395845 0.9020119441958981
6405.094089388613 0.8919097627481343
6415.10174093764 0.8512888971837506
6425.109392486668 0.855373257019513
6435.1170440356955 0.8414470297434264
6445.124695584724 0.8257348579309743
6455.132347133751 0.799529814803299
6465.139998682779 0.8143853372061497
6475.147650231806 0.8172417465531159
6485.155301780835 0.8384162601423749
6495.162953329862 0.842831048624831
6505.17060487889 0.8368948628325515
6515.178256427918 0.8461047181069056
6525.185907976946 0.8207956136376217
6535.193559525974 0.8157635360838786
6545.201211075001 0.862591474796792
6555.208862624029 1.1344351532972656
6565.216514173057 2.5513980347583973
6575.224165722085 5.479715985161581
6585.231817271112 7.076070854866096
6595.23946882014 6.697755220688768
6605.2471203691675 5.015401381632554
6615.254771918196 2.7707658343122756
6625.262423467223 1.3510252304967396
6635.270075016251 1.0298044879603194
6645.277726565279 0.9458955569356264
6655.285378114307 0.872047224260516
6665.293029663335 0.826276171718988
6675.300681212362 0.6805167565098723
6685.30833276139 0.8906742458810942
6695.315984310418 1.2094862505250052
6705.323635859446 1.2127702715762534
6715.331287408473 1.1063459220555807
6725.338938957501 0.9907152644321149
6735.346590506529 0.838157057646897
6745.354242055557 0.8127373475343085
6755.361893604584 0.7763411602132423
6765.369545153612 0.7649120407290929
6775.3771967026405 0.7531038406203387
6785.384848251668 0.7447032886733992
6795.392499800696 0.7537960660663211
6805.400151349723 0.7393348650792476
6815.4078028987515 0.738136199935037
6825.415454447779 0.7375466123719535
6835.423105996807 0.7348076879882272
6845.430757545834 0.740393677777197
6855.438409094862 0.7373627160491726
6865.44606064389 0.7141820246999722
6875.453712192918 0.6684880928692808
6885.461363741945 0.5705250486409534
6895.469015290973 0.6362884623890311
6905.476666840001 0.6397886757868707
6915.484318389029 0.6487822524152752
6925.491969938057 0.6653206743493061
6935.499621487084 0.6469363725015586
6945.507273036113 0.6656918938200911
6955.51492458514 0.6627948444085459
6965.522576134168 0.6727866078259549
6975.530227683195 0.6948947138273986
6985.5378792322235 0.7042019806358565
6995.545530781251 0.680257911846774
7005.553182330279 0.6808773188285128
7015.560833879306 0.6670578288461065
7025.5684854283345 0.6612004537347785
7035.576136977362 0.6728963252984912
7045.58378852639 0.6358649939958656
7055.591440075418 0.6395795007219498
7065.5990916244455 0.8763444171545249
7075.606743173474 0.9928778850113582
7085.614394722501 1.0044708494751127
7095.622046271529 0.9406356729758353
7105.629697820556 0.8099220415049319
7115.637349369585 0.7084875481696369
7125.645000918612 0.6705949258142015
7135.65265246764 0.6591391844775093
7145.660304016667 0.6519914496566991
7155.667955565696 0.6314686173711546
7165.675607114723 0.6180824409933788
7175.683258663751 0.6099291106189768
7185.690910212779 0.5989644513591523
7195.698561761807 0.5577314392237934
7205.706213310835 0.5699936190402632
7215.713864859862 0.6087874673232001
7225.72151640889 0.6445131591269748
7235.7291679579175 0.5961512247297973
7245.736819506946 0.5868236257457577
7255.744471055973 0.5739174226239314
7265.752122605001 0.540630275693082
7275.7597741540285 0.6183852638126985
7285.767425703057 0.667894447312335
7295.775077252084 0.6766372179396104
7305.782728801112 0.6363853551145292
7315.7903803501395 0.6451251575590031
7325.798031899168 0.5910981002235223
7335.805683448196 0.5871411031528564
7345.813334997223 0.6086309946800805
7355.820986546251 0.6166409645856421
7365.828638095279 0.5902904857198416
7375.836289644307 0.5788521208608911
7385.843941193334 0.5991095206613825
7395.851592742362 0.5701547189032902
7405.85924429139 0.5544510563172016
7415.866895840418 0.5733778863554859
7425.874547389445 0.5789675063373985
7435.882198938473 0.5582695892716698
7445.8898504875015 0.5690433335565737
7455.897502036529 0.5641684292482197
7465.905153585557 0.5632169517160374
7475.912805134584 0.5846081441178075
7485.920456683612 0.5629224790692618
7495.92810823264 0.5899036451888825
7505.935759781668 0.5811490665598871
7515.943411330695 0.5602916253111629
7525.951062879723 0.5831623813107172
7535.958714428751 0.533076230678911
7545.966365977779 0.5438103268364212
7555.974017526806 0.549869200683139
7565.981669075834 0.5767062214178651
7575.989320624862 0.5761690275248432
7585.99697217389 0.4649264479655865
7596.004623722918 0.21311609864022715
7606.012275271945 0.20404683025620363
7616.0199268209735 0.33857988360720703
7626.027578370001 0.3151818747257815
7636.035229919029 0.34278506020161725
7646.042881468056 0.40138355477756815
7656.0505330170845 0.4767296623208058
7666.058184566112 0.5047970595116297
7676.06583611514 0.5251075973318318
7686.073487664167 0.5323326038957307
7696.0811392131955 0.5462888002378561
7706.088790762223 0.5713538540094785
7716.096442311251 0.579896370490815
7726.104093860279 0.5759037145969834
7736.111745409306 0.5697868051925
7746.119396958335 0.5774081356074455
7756.127048507362 0.5579316309600779
7766.13470005639 0.5774017248243078
7776.142351605417 0.6051246650912367
7786.150003154446 0.5602462296891885
7796.157654703473 0.5906334265118929
7806.165306252501 0.523158584533453
7816.172957801528 0.559475541894545
7826.180609350557 0.5670261786724458
7836.188260899584 0.5788538068836316
7846.195912448612 0.5879164835211577
7856.20356399764 0.5989667228167597
7866.2112155466675 0.6257466450904096
7876.218867095696 0.5820683914362434
7886.226518644723 0.6056305154192774
7896.234170193751 0.6219243921746429
7906.2418217427785 0.6129545482476506
7916.249473291807 0.6053892482169689
7926.257124840834 0.5796166766849989
7936.264776389862 0.6264576681840629
7946.272427938889 0.6056124361298385
7956.280079487918 0.6042246919333851
7966.287731036945 0.40227033476583285
7976.295382585973 0.7011832962445217
