4013.265369170974 4.603224643466277
4023.273020720002 4.517539677011545
4033.2806722690293 4.65780582790807
4043.2883238180575 4.884700578896123
4053.295975367085 5.053733169760616
4063.303626916113 4.918362180278268
4073.3112784651407 4.216870077603505
4083.3189300141685 3.461048229874877
4093.3265815631967 2.8838788181410413
4103.334233112224 2.454040030007643
4113.341884661251 2.176035607615709
4123.349536210279 2.0810023862806286
4133.357187759308 1.9570642576851045
4143.364839308335 1.924848002839034
4153.372490857363 1.89033083174365
4163.380142406391 1.8300764691154006
4173.387793955419 1.7327025004354943
4183.395445504446 1.7234698156740216
4193.403097053474 1.6872525279544188
4203.410748602502 1.6773094178677463
4213.41840015153 1.6136253877325337
4223.426051700557 1.6139880691566326
4233.433703249585 1.613253088362316
4243.441354798613 1.5914551170131974
4253.4490063476405 1.6606032907012112
4263.456657896668 1.9786357658125684
4273.464309445696 2.597611003375355
4283.471960994724 2.8248329385513906
4293.4796125437515 2.891128626833628
4303.48726409278 3.0319832136825844
4313.494915641808 3.251458811808344
4323.502567190835 3.6294152177258394
4333.5102187398625 3.739076148323882
4343.517870288891 3.3098877530407136
4353.525521837919 2.614721831094454
4363.533173386946 2.182801267203922
4373.540824935973 1.9336299284274867
4383.548476485002 1.8590026297019717
4393.55612803403 1.7529060472748152
4403.563779583057 1.6387530228939773
4413.571431132085 1.5246087297934163
4423.5790826811135 1.6171702103757408
4433.586734230141 1.7825521546761711
4443.594385779168 1.8612392388196808
4453.602037328196 1.9455418488279366
4463.6096888772245 2.0787045211780955
4473.617340426252 2.245219509271518
4483.624991975279 2.363983626150583
4493.632643524307 2.2166678657443426
4503.640295073335 2.00854455378502
4513.647946622363 1.7905337470382796
4523.65559817139 1.648580000401185
4533.663249720418 1.6079005118329326
4543.670901269446 1.6005872686951326
4553.678552818474 1.587074162431021
4563.686204367502 1.5168742730040667
4573.69385591653 1.5051069585331724
4583.701507465557 1.465262757277351
4593.709159014585 1.4587753565122787
4603.716810563613 1.4559391035168674
4613.724462112641 1.4503138017692068
4623.732113661668 1.4836188520064706
4633.739765210696 1.5348650987513084
4643.747416759724 1.5809082750455994
4653.755068308752 1.6015469210713957
4663.762719857779 1.5859932989040724
4673.7703714068075 1.5580671782546758
4683.778022955835 1.5248458083965528
4693.785674504863 1.4467199132502582
4703.79332605389 1.381455452872872
4713.8009776029185 1.3133106071393905
4723.808629151947 1.271883422920677
4733.816280700974 1.241224377641281
4743.823932250001 1.209018087729594
4753.831583799029 1.1750036314239434
4763.839235348058 1.1495005390479427
4773.846886897085 1.1331027031660308
4783.854538446112 1.1200436815641448
4793.86218999514 1.121791019487626
4803.869841544169 1.2025686541381142
4813.877493093196 1.4819745127828698
4823.885144642224 2.128037187932708
4833.892796191252 2.868704024363575
4843.90044774028 2.9605122327879245
4853.908099289307 3.060362168344428
4863.915750838335 3.1553308981406176
4873.923402387363 3.2327903903055923
4883.9310539363905 3.4197223449225667
4893.938705485418 3.6069627596767653
4903.946357034446 3.4119779701998425
4913.954008583474 2.7053605423553697
4923.9616601325015 1.989640904927908
4933.969311681529 1.596708190937026
4943.976963230557 1.4312115291188838
4953.984614779585 1.4193989032913115
4963.9922663286125 1.4060269014808366
4973.999917877641 1.3281590782408699
4984.007569426669 1.2355768934280793
4994.015220975696 1.3103911279348472
5004.022872524723 1.3746203096880443
5014.030524073752 1.4228483980466162
5024.03817562278 1.446763949283047
5034.045827171807 1.4993588233490291
5044.053478720834 1.5238604868809063
5054.061130269863 1.5612557355654262
5064.068781818891 1.5037372720430626
5074.076433367918 1.4303663869863272
5084.084084916946 1.3134179784885454
5094.091736465974 1.2524474488184374
5104.099388015002 1.1878987377834598
5114.107039564029 1.1289041974484255
5124.114691113057 1.0762457329918609
5134.122342662085 1.032388820599282
5144.129994211113 1.076861084593386
5154.13764576014 1.2141133401606528
5164.145297309168 1.2679138618887908
5174.152948858196 1.2918556502159104
5184.160600407224 1.3121890062175192
5194.168251956252 1.3372129142414775
5204.175903505279 1.408768301586702
5214.183555054307 1.5044999423614487
5224.191206603335 1.4999185848420684
5234.198858152363 1.3505552446247198
5244.20650970139 1.1991892500262198
5254.214161250418 1.1195232132909536
5264.221812799446 1.0808681760859278
5274.229464348474 1.0622634099886752
5284.237115897502 1.046539332926518
5294.244767446529 1.0682921549173692
5304.252418995557 1.0661096519435236
5314.260070544585 1.068307588021054
5324.267722093613 1.0770491699565514
5334.27537364264 1.0433225996747504
5344.2830251916685 1.045227408068809
5354.290676740696 1.0341288076754331
5364.298328289724 1.0418950103073066
5374.305979838751 1.0410691223261137
5384.313631387779 1.003977268299536
5394.321282936808 0.9815696548055111
5404.328934485835 0.9625471660787474
5414.336586034862 0.9536332995904555
5424.34423758389 0.9521253860987067
5434.351889132919 0.9462609783440927
5444.359540681946 0.9441249202187557
5454.367192230973 0.9421045511314661
5464.374843780001 0.935310315564611
5474.38249532903 0.9313287886229439
5484.390146878057 0.9305198647929742
5494.397798427085 0.9277435715286516
5504.405449976112 0.9210639379806532
5514.4131015251405 0.9265430699484548
5524.420753074168 0.934992344273321
5534.428404623196 0.9210644342609643
5544.436056172224 0.9336179627907579
5554.4437077212515 0.9379722242245038
5564.451359270279 0.9361708668956935
5574.459010819307 0.9585830121963601
5584.466662368335 0.9603398321154797
5594.474313917362 0.9429109961850859
5604.481965466391 0.924898755547027
5614.489617015418 0.9147401173442701
5624.497268564446 0.9120397296093362
5634.504920113473 0.910935404098125
5644.512571662502 0.9043902452065572
5654.520223211529 0.8973520519799786
5664.527874760557 0.8875898601119872
5674.535526309584 0.8772710836674598
5684.543177858613 0.8975715277192597
5694.550829407641 0.9223899452091373
5704.558480956668 0.9353369705094202
5714.566132505695 0.9479259721519898
5724.573784054724 0.9670011655865218
5734.581435603752 0.9681631024657783
5744.589087152779 0.9764166869870932
5754.596738701807 0.9747165607862059
5764.6043902508345 0.9656646424307049
5774.612041799863 0.9571626731359612
5784.61969334889 0.9385930301254348
5794.627344897918 0.9217592381303288
5804.634996446946 0.891745478135797
5814.642647995974 0.8827688506397915
5824.650299545001 0.8816414961784561
5834.657951094029 0.8687968837829569
5844.665602643057 0.8771156254853422
5854.673254192085 0.8669828872057483
5864.680905741112 0.7921579137585228
5874.68855729014 0.8250846127821714
5884.696208839168 0.8934449037279996
5894.703860388196 0.9483310766734374
5904.711511937224 0.9878491116446244
5914.719163486251 1.0119390422825845
5924.726815035279 1.0968914549089803
5934.734466584307 1.1802930018256141
5944.742118133335 1.2042548440618084
5954.749769682363 1.1735116425354168
5964.75742123139 1.118365384550937
5974.7650727804175 1.0472128411692834
5984.772724329446 1.0
5994.780375878474 0.9751525883265639
6004.788027427501 0.9618415655587194
6014.795678976529 0.9513595735729912
6024.803330525557 0.9439861797036668
6034.810982074585 0.9275725271517052
6044.818633623612 0.9085300359254687
6054.82628517264 0.8695294522780396
6064.833936721668 0.8491693424147738
6074.841588270696 0.8489167903976212
6084.849239819723 0.8297802575852441
6094.856891368751 0.8355895566579632
6104.8645429177795 0.8358193795806231
6114.872194466807 0.8172148204658738
6124.879846015835 0.802586746232749
6134.887497564862 0.8130960518860131
6144.8951491138905 0.8687204243766066
6154.902800662918 0.8796968448763207
6164.910452211946 0.9048143313630136
6174.918103760973 0.9200299029568415
6184.9257553100015 0.940546619252291
6194.933406859029 0.9703416075675576
6204.941058408057 1.0127442676427125
6214.948709957084 1.0281199957075413
6224.956361506112 1.0329575058246405
6234.96401305514 1.005661479325214
6244.971664604168 0.9697689236166728
6254.979316153196 0.9464283852041075
6264.986967702223 0.9460740077379679
6274.994619251252 0.9506544831062459
6285.002270800279 0.9544575429998593
6295.009922349307 0.9285810183529211
6305.017573898334 0.8929339530346222
6315.025225447363 0.8278643811417141
6325.03287699639 0.8562571488760786
6335.040528545418 0.8652179359713446
6345.048180094445 0.864715275498373
6355.0558316434735 0.9096859605742164
6365.063483192502 0.9234519888022453
6375.071134741529 0.9406236600243855
6385.078786290557 0.9807596243102271
6395.0864378395845 1.0699532445975342
6405.094089388613 1.1359720957759236
6415.10174093764 1.1328970414191242
6425.109392486668 1.1247072939548326
6435.1170440356955 1.0990369256912733
6445.124695584724 1.045127471222055
6455.132347133751 1.0127185250131248
6465.139998682779 0.9741325169855495
6475.147650231806 0.9584572448130854
6485.155301780835 0.9444314609408397
6495.162953329862 0.9788741222045707
6505.17060487889 1.1347810466351849
6515.178256427918 1.5120015339719002
6525.185907976946 2.2649714630489295
6535.193559525974 3.239508294699464
6545.201211075001 3.501382710618135
6555.208862624029 3.542073440821068
6565.216514173057 3.6567159455060247
6575.224165722085 3.7480530877953866
6585.231817271112 3.7075164859681267
6595.23946882014 3.6337752931486107
6605.2471203691675 3.632844463160424
6615.254771918196 3.6846289585260448
6625.262423467223 3.490814956024097
6635.270075016251 2.9985101462450787
6645.277726565279 2.283806687281387
6655.285378114307 1.7225163342159417
6665.293029663335 1.3589919998526752
6675.300681212362 1.1429039149135711
6685.30833276139 1.0370410992659718
6695.315984310418 1.0330878919512332
6705.323635859446 1.0304293082304063
6715.331287408473 1.0259797512260354
6725.338938957501 1.026145192309745
6735.346590506529 1.017460421156973
6745.354242055557 1.000231578689923
6755.361893604584 0.9708982421870462
6765.369545153612 0.9546672987447005
6775.3771967026405 0.9512240339576225
6785.384848251668 0.9435159894902176
6795.392499800696 0.9332174585346263
6805.400151349723 0.9429530298006614
6815.4078028987515 0.9357185655420998
6825.415454447779 0.9239061525671278
6835.423105996807 0.9266411815397663
6845.430757545834 0.913951973763998
6855.438409094862 0.9118750381339072
6865.44606064389 0.9100533996955577
6875.453712192918 0.8371766277851267
6885.461363741945 0.7183445449917967
6895.469015290973 0.7711418094047601
6905.476666840001 0.7587422310469928
6915.484318389029 0.7654009886008788
6925.491969938057 0.7948236598739337
6935.499621487084 0.7890273125441257
6945.507273036113 0.7900621471619931
6955.51492458514 0.7859379199059808
6965.522576134168 0.7963531958835931
6975.530227683195 0.8160602437753284
6985.5378792322235 0.8360052942973448
6995.545530781251 0.8473158390439507
7005.553182330279 0.8905083595460122
7015.560833879306 0.9209820029400418
7025.5684854283345 0.9493353014813452
7035.576136977362 0.9430337577543424
7045.58378852639 0.9624052234211616
7055.591440075418 0.9579901617617281
7065.5990916244455 0.9718906038827432
7075.606743173474 0.9888079859312147
7085.614394722501 1.013993589057479
7095.622046271529 1.0145805619286266
7105.629697820556 0.9924745482685171
7115.637349369585 0.9563323421178176
7125.645000918612 0.9049634283694487
7135.65265246764 0.8697807523419862
7145.660304016667 0.8222839926993252
7155.667955565696 0.7995678126584761
7165.675607114723 0.7694639730231521
7175.683258663751 0.734333984278265
7185.690910212779 0.7015142211201241
7195.698561761807 0.6927187389539906
7205.706213310835 0.7097196051323594
7215.713864859862 0.7383647613987047
7225.72151640889 0.7486052417250446
7235.7291679579175 0.7257554686234307
7245.736819506946 0.7102698849787851
7255.744471055973 0.7227871607207614
7265.752122605001 0.7285156955497186
7275.7597741540285 0.7169638927432868
7285.767425703057 0.7278571747028684
7295.775077252084 0.7342249980046012
7305.782728801112 0.7309160521102026
7315.7903803501395 0.7333997723228574
7325.798031899168 0.739309470630243
7335.805683448196 0.7402256989803143
7345.813334997223 0.7254297661554682
7355.820986546251 0.707057704246585
7365.828638095279 0.6854980393627839
7375.836289644307 0.683492111844909
7385.843941193334 0.6851224537461125
7395.851592742362 0.6876439074796987
7405.85924429139 0.6771759185445057
7415.866895840418 0.7123195452503597
7425.874547389445 0.733351226687083
7435.882198938473 0.7414494921521065
7445.8898504875015 0.7660696019607355
7455.897502036529 0.7846345611390924
7465.905153585557 0.8190828191344804
7475.912805134584 0.8283801568894764
7485.920456683612 0.8313521381001862
7495.92810823264 0.8347438415174415
7505.935759781668 0.8196074371083227
7515.943411330695 0.7930881987939062
7525.951062879723 0.7666642144315714
7535.958714428751 0.743555143806437
7545.966365977779 0.7297731355954384
7555.974017526806 0.7205837086122014
7565.981669075834 0.7006467213336419
7575.989320624862 0.6687238656772987
7585.99697217389 0.47161572401805335
7596.004623722918 0.24273131470069872
7606.012275271945 0.32470768205359557
7616.0199268209735 0.41160946288168426
7626.027578370001 0.3792692373650147
7636.035229919029 0.4510695301453416
7646.042881468056 0.5253749168584171
7656.0505330170845 0.5894849656018679
7666.058184566112 0.633202725722162
7676.06583611514 0.6603279620025696
7686.073487664167 0.6523262738874533
7696.0811392131955 0.6472507719952735
7706.088790762223 0.707631540200782
7716.096442311251 0.8335567867761857
7726.104093860279 0.8715055844904741
7736.111745409306 0.9221346937165159
7746.119396958335 0.968504066677675
7756.127048507362 1.0253073090849263
7766.13470005639 1.0671000312793266
7776.142351605417 1.0833821666405108
7786.150003154446 1.124198095263507
7796.157654703473 1.1946167554646223
7806.165306252501 1.2670598018128751
7816.172957801528 1.2995022206713638
7826.180609350557 1.2753307091261004
7836.188260899584 1.1910187154011536
7846.195912448612 1.079390210178736
7856.20356399764 1.0177992572360781
7866.2112155466675 0.9727290879989191
7876.218867095696 0.9466541283413451
7886.226518644723 0.9562248286717805
7896.234170193751 0.9829327285456199
7906.2418217427785 1.008021482740157
7916.249473291807 1.0405641563670205
7926.257124840834 1.0529794183591292
7936.264776389862 1.0432440959230573
7946.272427938889 0.997343180743902
7956.280079487918 0.9496913087544313
7966.287731036945 0.9188779248727027
7976.295382585973 0.9018439505185278
