2452167.90482 99.999 9.999
2452190.86203 99.999 9.999
2452193.82642 99.999 9.999
2452202.82570 22.683 1.220
2452215.77895 99.999 9.999
2452221.85710 99.999 9.999
2452224.82699 99.999 9.999
2452227.73782 99.999 9.999
2452229.74359 99.999 9.999
2452231.71184 99.999 9.999
2452233.68011 99.999 9.999
2452237.59949 99.999 9.999
2452239.66051 23.804 4.065
2452241.75215 99.999 9.999
2452243.82242 22.091 1.012
2452248.67918 21.901 0.622
2452250.76815 22.762 1.654
2452252.73751 99.999 9.999
2452254.72859 99.999 9.999
2452257.73256 99.999 9.999
2452260.75430 99.999 9.999
2452263.70059 99.999 9.999
2452265.78691 99.999 9.999
2452266.77749 99.999 9.999
2452270.80353 24.362 4.923
2452272.65307 21.648 0.528
2452274.78046 28.560 9.999
2452276.83838 99.999 9.999
2452278.79523 22.488 1.533
2452280.77797 21.550 0.397
2452282.77519 99.999 9.999
2452284.79658 99.999 9.999
2452289.83767 99.999 9.999
2452291.82371 21.031 0.321
2452293.79260 99.999 9.999
2452295.81646 99.999 9.999
2452297.80254 22.277 0.925
2452300.82759 99.999 9.999
2452302.78881 99.999 9.999
2452304.82627 22.410 1.549
2452315.71261 25.966 9.999
2452324.57896 99.999 9.999
2452328.56087 99.999 9.999
2452340.55075 99.999 9.999
2452373.50334 13.637 0.003
2452385.56646 15.207 0.004
2452534.89892 19.146 0.066
2452539.90607 19.203 0.096
2452545.87325 19.146 0.058
2452557.83404 19.404 0.082
2452561.83211 19.340 0.062
2452565.83351 19.404 0.088
2452574.79571 19.336 0.074
2452578.85212 19.355 0.074
2452584.74790 19.425 0.093
2452590.82553 19.607 0.087
2452596.83197 19.701 0.118
2452606.72846 19.592 0.070
2452609.83706 19.712 0.118
2452614.80014 19.498 0.087
2452619.67618 19.599 0.064
2452621.80414 19.647 0.070
2452624.70114 19.639 0.074
2452629.82222 19.767 0.105
2452632.71633 19.700 0.075
2452635.81684 19.663 0.094
2452638.81004 19.765 0.116
2452641.77821 19.810 0.087
2452643.78146 19.771 0.084
2452645.78017 19.850 0.089
2452647.70917 19.854 0.083
2452650.78790 19.717 0.088
2452653.66303 19.808 0.108
2452655.71975 19.757 0.088
2452657.65456 19.627 0.101
2452659.80838 19.653 0.118
2452660.71862 19.977 0.115
2452662.72624 19.769 0.146
2452664.74005 20.313 0.282
2452666.79391 19.936 0.097
2452668.82014 19.903 0.112
2452675.81248 19.919 0.096
2452677.79950 19.935 0.131
2452679.81815 19.663 0.113
2452682.73741 20.064 0.185
2452687.64032 20.129 0.174
2452692.58317 20.190 0.176
2452697.52955 19.968 0.104
2452702.52835 20.497 0.272
2452708.55716 19.929 0.125
2452724.52705 20.341 0.151
2452871.91850 20.824 0.229
2452884.87815 20.418 0.182
2452890.90012 21.019 0.493
2452896.85279 20.766 0.283
2452902.78739 20.937 0.198
2452911.89592 20.534 0.285
2452917.79943 20.863 0.204
2452923.80161 21.305 0.389
2452926.85467 21.050 0.269
2452931.78314 21.177 0.273
2452934.82354 21.789 0.556
2452940.80394 20.983 0.223
2452943.80813 20.826 0.217
2452947.81663 21.037 0.240
2452950.73060 20.563 0.192
2452954.75384 20.394 0.215
2452956.79939 21.417 0.435
2452958.84402 21.197 0.462
2452962.83825 21.186 0.284
2452965.84739 21.451 0.396
2452967.78719 20.817 0.227
2452970.84116 21.904 0.535
2452974.77916 22.022 0.587
2452976.66866 21.593 0.456
2452979.65208 20.994 0.326
2452981.67339 21.712 1.356
2452983.78531 21.982 0.839
2452985.82798 21.079 0.291
2452987.72672 21.306 0.514
2452989.66941 20.929 0.306
2452991.74165 21.142 0.268
2452993.74935 20.971 0.467
2452995.82457 21.297 0.314
2452997.79352 21.570 0.420
2452998.74105 21.057 0.284
2453000.74351 22.166 0.854
2453002.74133 21.873 0.542
2453004.73430 21.494 0.331
2453006.72727 21.378 0.315
2453008.74174 21.320 0.381
2453010.78814 20.822 0.253
2453011.80449 21.640 0.642
2453016.73815 21.358 0.332
2453018.76858 21.914 0.638
2453020.83229 23.658 3.856
2453021.85726 21.483 0.525
2453023.71821 21.036 0.293
2453025.68988 21.612 0.293
2453027.73533 21.196 0.241
2453029.72018 21.910 0.679
2453031.79058 22.339 1.326
2453034.62189 21.980 0.437
2453036.65226 21.424 0.357
2453039.59417 22.214 0.900
2453042.70171 21.604 0.568
2453044.64115 21.267 0.455
2453046.62718 21.226 0.397
2453047.72948 21.621 0.514
2453048.66057 21.489 0.315
2453049.68410 21.682 0.355
2453051.65348 22.602 1.157
2453053.62869 21.362 0.244
2453055.64574 21.797 0.547
2453057.67087 22.516 0.869
2453059.61547 22.501 1.277
2453061.60778 21.762 0.656
2453066.57738 99.999 9.999
2453068.60525 21.421 0.673
2453070.67559 99.999 9.999
2453073.69389 22.891 1.972
2453076.61763 22.678 1.941
2453079.60232 21.494 0.338
2453082.68666 21.642 0.390
2453085.58645 21.521 0.406
2453088.54675 21.599 0.516
2453091.52966 21.820 0.726
2453100.50915 22.948 2.919
2453103.52740 21.296 0.407
2453106.54865 20.934 0.233
2453109.53430 21.753 0.484
2453112.58975 21.327 0.415
2453116.56781 22.672 1.701
2453127.56502 21.512 0.541
2453133.52551 22.042 1.260
2453223.92374 21.921 0.889
2453242.87460 22.329 1.105
2453249.92197 21.950 1.145
2453258.90930 23.677 4.472
2453264.87550 23.066 1.229
2453271.82324 99.999 9.999
2453274.82725 99.999 9.999
2453278.90017 21.360 0.596
2453282.80683 21.874 0.527
2453287.83136 99.999 9.999
2453291.76857 21.267 0.513
2453295.78907 23.481 1.931
2453297.78115 22.901 1.069
2453299.84922 22.010 0.416
2453301.84258 22.465 1.280
2453305.75159 99.999 9.999
2453307.77641 21.911 1.122
2453309.81285 99.999 9.999
2453311.80645 99.999 9.999
2453320.86991 21.624 1.039
2453327.82230 22.482 0.798
2453330.79837 22.055 0.936
2453336.65079 99.999 9.999
2453339.83394 22.908 1.808
2453350.76674 99.999 9.999
2453353.82293 22.245 0.596
2453357.76363 99.999 9.999
2453360.74037 22.050 0.516
2453365.85977 21.924 0.809
2453373.82386 99.999 9.999
2453378.75068 22.784 1.202
2453383.65701 18.696 0.010
2453387.74837 21.246 0.569
2453394.63385 99.999 9.999
2453395.80663 21.577 0.688
2453399.78759 24.257 7.684
2453403.77468 99.999 9.999
2453408.69788 23.286 1.822
2453413.54404 21.656 0.551
2453418.60641 21.616 0.478
2453427.57394 21.107 0.378
2453434.52580 21.168 0.287
2453440.54999 23.223 3.382
2453447.51920 22.549 1.880
2453456.54479 23.103 2.938
2453469.49968 21.195 0.275
2453478.49224 22.254 0.992
2453601.90264 99.999 9.999
2453619.90534 20.887 0.233
2453630.78674 24.207 8.892
2453636.84414 21.981 0.896
2453640.79405 99.999 9.999
2453651.82787 99.999 9.999
2453654.87405 22.504 0.810
2453658.83774 23.560 3.507
2453665.85669 23.353 2.868
2453670.82628 21.570 0.488
2453673.83656 99.999 9.999
2453676.83668 23.162 1.871
2453685.77604 21.783 0.465
2453687.86276 21.280 0.387
2453690.78472 22.919 1.716
2453693.82032 99.999 9.999
2453695.85144 23.209 1.891
2453698.84107 23.464 2.457
2453701.71003 99.999 9.999
2453703.79382 99.999 9.999
2453705.85801 21.585 0.503
2453708.84571 99.999 9.999
2453712.80329 23.129 1.585
2453715.76897 25.398 9.999
2453718.70477 99.999 9.999
2453720.85457 99.999 9.999
2453724.77216 23.560 2.269
2453728.75020 99.999 9.999
2453731.81329 99.999 9.999
2453733.67601 99.999 9.999
2453735.66388 23.468 1.469
2453737.82240 23.207 1.284
2453740.78577 24.742 6.966
2453745.82831 27.347 9.999
2453747.83109 20.864 0.394
2453749.77840 20.920 0.424
2453751.79226 99.999 9.999
2453753.74165 22.717 1.219
2453755.74168 99.999 9.999
2453757.73144 99.999 9.999
2453759.82172 21.532 0.441
2453763.69381 99.999 9.999
2453766.71036 22.682 1.271
2453770.73795 21.204 0.400
2453773.76916 21.831 0.722
2453776.74353 23.082 2.994
2453783.61079 99.999 9.999
2453788.58505 24.205 4.049
2453793.59060 22.527 0.912
2453801.52641 22.131 0.602
2453811.51713 99.999 9.999
2453826.50218 99.999 9.999
2453958.90229 99.999 9.999
2453965.86196 25.863 9.999
2453970.88201 99.999 9.999
2453982.83277 99.999 9.999
2453993.78542 99.999 9.999
2453999.87695 21.489 0.398
2454003.75285 22.683 0.890
2454006.77397 99.999 9.999
2454008.79488 99.999 9.999
2454013.80647 99.999 9.999
2454019.80764 21.369 0.354
2454024.80066 25.659 9.999
2454026.86965 20.947 0.287
2454029.81398 99.999 9.999
2454032.85059 99.999 9.999
2454039.68282 22.179 0.849
2454041.75653 22.534 1.186
2454043.76152 22.963 1.990
2454046.85468 99.999 9.999
2454049.72479 22.848 1.220
2454052.78617 99.999 9.999
2454054.77224 22.307 0.771
2454056.83146 24.917 8.656
2454059.72618 99.999 9.999
2454064.79641 22.976 1.010
2454066.79375 22.744 1.329
2454069.74686 99.999 9.999
2454071.67482 99.999 9.999
2454076.74702 21.064 0.392
2454079.78851 24.570 9.263
2454082.83641 22.562 1.144
2454084.80165 22.465 1.343
2454086.82675 21.519 0.495
2454103.66237 99.999 9.999
2454106.58318 99.999 9.999
2454111.80551 99.999 9.999
2454117.74612 99.999 9.999
2454121.72842 21.389 0.648
2454127.67473 99.999 9.999
2454132.76369 21.599 0.616
2454143.55098 99.999 9.999
2454157.54974 23.366 2.571
2454169.50694 99.999 9.999
2454198.53673 23.160 2.106
2454343.86960 99.999 9.999
2454348.83845 99.999 9.999
2454353.86982 22.708 1.302
2454358.82182 23.162 2.776
2454364.90817 99.999 9.999
2454367.88201 22.134 0.718
2454371.77633 99.999 9.999
2454373.85967 22.711 1.198
2454378.76306 99.999 9.999
2454381.75126 99.999 9.999
2454386.86911 99.999 9.999
2454390.83110 22.037 0.611
2454394.87770 99.999 9.999
2454399.80541 22.696 1.518
2454408.71036 22.116 0.909
2454412.79275 99.999 9.999
2454423.74309 99.999 9.999
2454427.74519 22.472 1.251
2454430.74846 99.999 9.999
2454433.76606 99.999 9.999
2454437.76401 99.999 9.999
2454440.70821 24.411 6.072
2454443.80071 99.999 9.999
2454449.77164 23.288 2.438
2454451.80725 22.777 1.577
2454455.77261 99.999 9.999
2454457.80385 21.789 0.754
2454459.77108 99.999 9.999
2454463.76780 24.294 4.734
2454465.78459 23.723 3.046
2454468.74881 22.640 0.933
2454470.70435 21.327 0.347
2454473.74752 22.316 1.338
2454476.76851 99.999 9.999
2454482.80939 23.005 2.101
2454485.79975 99.999 9.999
2454490.64698 99.999 9.999
2454494.71302 99.999 9.999
2454498.73686 26.567 9.999
2454501.73419 99.999 9.999
2454506.66821 99.999 9.999
2454508.69507 99.999 9.999
2454509.75918 99.999 9.999
2454512.72930 21.726 0.540
2454518.66949 99.999 9.999
2454521.71006 99.999 9.999
2454523.68911 99.999 9.999
2454525.65371 22.980 1.573
2454531.63742 99.999 9.999
2454537.68209 22.287 0.828
2454539.60137 22.102 0.844
2454542.51879 99.999 9.999
2454545.61618 99.999 9.999
2454547.58418 22.099 1.052
2454552.61740 99.999 9.999
2454559.60163 99.999 9.999
2454568.56980 21.713 0.636
2454575.54675 22.174 1.069
2454589.50909 24.088 7.893
2454616.48101 23.246 3.394
2454685.89954 99.999 9.999
2454699.86271 22.488 1.178
2454708.92199 99.999 9.999
2454720.86028 99.999 9.999
2454725.80078 21.378 0.416
2454729.90169 99.999 9.999
2454734.87479 99.999 9.999
2454749.75768 99.999 9.999
2454753.83766 99.999 9.999
2454757.84057 23.606 3.396
2454760.86281 99.999 9.999
2454765.87541 99.999 9.999
2454769.77145 99.999 9.999
2454772.80356 23.260 2.599
2454775.82120 22.620 1.244
2454777.83466 22.822 1.344
2454782.68460 21.912 0.795
2454784.78466 99.999 9.999
2454789.69344 99.999 9.999
2454793.69973 99.999 9.999
2454796.74633 24.782 6.450
2454798.69359 22.036 0.718
2454801.65949 23.362 1.957
2454803.70501 99.999 9.999
2454805.80539 99.999 9.999
2454808.73993 99.999 9.999
2454810.79996 22.755 0.985
2454813.78076 99.999 9.999
2454815.76454 99.999 9.999
2454817.76201 25.332 9.999
2454819.77108 24.309 4.755
2454822.75089 24.315 4.037
2454824.76892 23.534 2.473
2454826.78180 22.801 1.180
2454833.78460 99.999 9.999
2454835.79514 99.999 9.999
2454837.79425 20.390 0.292
2454839.74558 22.539 1.089
2454841.80992 99.999 9.999
2454843.80977 99.999 9.999
2454846.79965 26.233 9.999
2454848.82953 25.077 9.999
2454852.78609 99.999 9.999
2454854.78755 22.175 0.753
2454856.79408 99.999 9.999
2454861.74915 22.380 1.004
2454867.71314 23.150 1.852
2454869.68207 23.063 1.804
2454871.68977 22.164 1.093
2454875.67570 23.160 2.055
2454877.70079 23.081 1.767
2454879.70751 99.999 9.999
2454882.72624 99.999 9.999
2454885.68812 25.598 9.999
2454889.64615 21.978 0.678
2454902.64453 99.999 9.999
2454911.66329 21.631 0.508
2454915.58246 99.999 9.999
2454919.58768 21.760 0.548
2454925.60037 22.172 0.844
2454929.56760 21.809 0.862
2454932.60273 20.492 0.217
2454935.58062 21.357 0.528
2454939.58747 99.999 9.999
2454944.54969 22.217 0.894
2454949.54663 99.999 9.999