2455260.62283 19.512 0.057
2455261.53765 18.979 0.038
2455262.60438 19.025 0.042
2455264.56808 18.938 0.031
2455265.50185 19.109 0.065
2455266.56678 19.157 0.050
2455267.54814 19.297 0.056
2455268.62268 19.102 0.047
2455269.53209 19.256 0.051
2455271.54088 19.217 0.041
2455272.55805 19.410 0.064
2455273.53003 19.350 0.049
2455274.56115 19.317 0.050
2455276.54022 19.231 0.040
2455279.52840 19.455 0.081
2455281.50381 19.329 0.054
2455282.52253 19.485 0.058
2455283.53862 19.130 0.060
2455284.54198 19.167 0.051
2455285.54355 19.208 0.070
2455287.53271 19.432 0.080
2455289.51309 19.428 0.065
2455292.55376 19.302 0.053
2455294.53657 19.470 0.063
2455297.50475 19.548 0.065
2455299.50222 19.730 0.079
2455304.49640 19.401 0.067
2455307.49182 19.578 0.069
2455310.47343 19.501 0.088
2455312.50576 19.747 0.111
2455315.48124 19.449 0.087
2455323.46704 19.407 0.068
2455325.46072 19.223 0.093
2455327.46062 19.380 0.073
2455335.45529 19.504 0.103
2455342.46817 19.427 0.104
2455343.47920 19.486 0.109
2455429.93083 19.479 0.070
2455430.88264 19.359 0.061
2455439.89204 19.288 0.053
2455444.87413 19.557 0.050
2455449.87882 19.204 0.054
2455451.88786 19.140 0.051
2455454.87356 19.338 0.039
2455456.89927 19.433 0.036
2455457.88160 19.761 0.048
2455461.89388 19.320 0.045
2455463.85892 19.344 0.044
2455467.83288 19.251 0.044
2455468.80686 19.188 0.042
2455470.77930 19.358 0.041
2455471.82954 19.160 0.031
2455476.78523 19.488 0.034
2455478.77397 19.332 0.034
2455480.78765 19.416 0.048
2455482.76387 19.199 0.043
2455483.76183 19.153 0.058
2455484.87131 19.169 0.031
2455486.77033 19.081 0.036
2455487.84929 18.990 0.026
2455488.84322 19.142 0.029
2455490.70946 19.467 0.055
2455491.72976 19.339 0.045
2455492.76327 19.217 0.042
2455493.78562 19.275 0.048
2455494.83032 19.383 0.052
2455495.78745 19.862 0.075
2455496.78527 19.285 0.062
2455497.81546 19.222 0.049
2455499.72245 19.298 0.045
2455502.79260 19.392 0.037
2455503.74784 19.275 0.033
2455505.71751 19.271 0.048
2455506.73498 19.113 0.025
2455507.75311 19.091 0.023
2455509.66150 19.511 0.050
2455510.71744 19.227 0.034
2455511.69359 18.992 0.036
2455512.73667 19.227 0.034
2455513.70691 19.194 0.037
2455514.73947 19.489 0.038
2455515.65673 19.186 0.046
2455516.74230 19.282 0.035
2455517.65541 19.200 0.045
2455517.85633 19.407 0.047
2455518.75181 19.122 0.052
2455519.67534 19.374 0.074
2455521.69506 99.999 9.999
2455522.72020 12.699 0.003
2455523.68491 13.184 0.003
2455524.69335 13.713 0.003
2455525.72643 14.169 0.003
2455526.67848 14.234 0.003
2455527.75919 15.732 0.003
2455528.70023 16.429 0.005
2455529.68054 16.538 0.005
2455530.68775 16.649 0.005
2455531.77095 16.871 0.009
2455532.67905 16.772 0.006
2455533.70239 17.264 0.008
2455534.73395 16.951 0.006
2455535.71073 16.894 0.006
2455536.71340 16.748 0.007
2455539.72367 17.029 0.007
2455540.80777 17.170 0.007
2455541.67396 17.124 0.008
2455542.73237 17.199 0.008
2455543.76387 17.685 0.013
2455544.75140 17.284 0.008
2455545.74069 17.368 0.009
2455546.69033 17.223 0.009
2455547.75011 17.548 0.012
2455548.71009 17.598 0.012
2455549.67462 17.497 0.011
2455550.73004 17.710 0.013
2455551.68058 17.741 0.017
2455553.73359 18.067 0.018
2455554.66696 18.030 0.017
2455556.68156 18.355 0.017
2455557.66272 18.756 0.027
2455558.66363 18.451 0.020
2455559.65381 18.404 0.030
2455560.64548 18.493 0.025
2455561.67906 18.646 0.027
2455562.69861 18.739 0.027
2455563.63261 18.619 0.026
2455565.66386 18.725 0.034
2455566.69117 18.972 0.028
2455568.71147 18.690 0.032
2455569.70603 18.706 0.027
2455570.74476 18.719 0.027
2455571.67661 19.244 0.041
2455572.79245 18.983 0.034
2455575.69808 19.004 0.030
2455576.67229 19.364 0.036
2455577.67384 19.015 0.040
2455578.68062 18.827 0.034
2455579.73099 18.857 0.045
2455580.67467 19.133 0.032
2455581.67713 19.055 0.042
2455582.68493 19.072 0.043
2455583.69171 19.148 0.034
2455584.67774 19.161 0.039
2455585.67759 19.321 0.049
2455586.64135 19.248 0.044
2455587.62348 19.109 0.034
2455588.72743 19.209 0.040
2455589.63348 19.188 0.029
2455590.61201 19.504 0.054
2455591.67086 19.342 0.035
2455592.65309 19.064 0.025
2455593.63605 19.027 0.034
2455594.65225 18.897 0.028
2455595.63088 19.466 0.040
2455596.69409 19.193 0.032
2455597.61151 19.006 0.041
2455598.67566 19.151 0.029
2455599.64149 18.982 0.036
2455600.67421 19.162 0.044
2455601.65383 18.861 0.022
2455602.65254 18.940 0.028
2455603.66130 18.850 0.030
2455604.65844 19.082 0.041
2455605.66355 19.064 0.029
2455606.67489 19.064 0.038
2455607.68634 19.067 0.043
2455608.67319 19.211 0.061
2455609.70491 19.309 0.055
2455611.63549 19.269 0.079
2455612.68800 19.540 0.079
2455613.64951 19.260 0.068
2455614.64316 19.672 0.065
2455615.63694 19.317 0.041
2455616.64569 19.347 0.042
2455619.63619 19.761 0.061
2455620.57873 19.496 0.063
2455622.63086 19.318 0.052
2455623.59376 19.568 0.057
2455624.53485 19.718 0.077
2455625.62650 19.296 0.041
2455626.58761 19.364 0.053
2455627.55233 19.287 0.037
2455629.59258 19.364 0.041
2455630.60400 19.140 0.046
2455632.55211 19.336 0.063
2455633.60112 19.780 0.071
2455634.56152 19.218 0.044
2455635.56583 19.365 0.060
2455638.57048 19.719 0.105
2455639.58072 19.203 0.064
2455640.51971 19.426 0.085
2455641.54735 19.304 0.050
2455642.49564 19.498 0.054
2455643.49339 19.619 0.075
2455644.49614 19.202 0.041
2455645.49486 19.128 0.057
2455646.50790 19.233 0.054
2455647.50985 19.677 0.056
2455648.50971 19.202 0.043
2455649.52528 19.319 0.053
2455650.50570 19.132 0.034
2455651.51166 19.130 0.029
2455652.50659 19.400 0.044
2455653.53668 19.261 0.042
2455654.54522 19.054 0.060
2455655.53640 19.235 0.042
2455656.54528 19.418 0.043
2455657.50523 19.286 0.047
2455659.50450 19.452 0.050
2455660.54993 19.164 0.041
2455664.48412 19.360 0.079
2455665.49935 19.248 0.065
2455666.49616 19.710 0.097
2455667.47836 19.733 0.097
2455668.48388 19.440 0.068
2455669.47792 19.540 0.070
2455670.52940 19.435 0.063
2455671.47975 19.591 0.100
2455672.47424 19.405 0.065
2455674.48274 19.470 0.057
2455675.47561 19.542 0.077
2455676.53053 19.681 0.022
2455677.47234 19.378 0.047
2455678.50654 19.513 0.055
2455679.47420 19.456 0.053
2455680.52229 19.531 0.070
2455681.48530 19.481 0.072
2455682.48640 19.307 0.057
2455683.49091 19.312 0.057
2455684.49500 19.078 0.042
2455685.46756 19.416 0.072
2455686.46846 19.110 0.037
2455687.46919 19.161 0.053
2455691.46213 19.331 0.078
2455692.50941 19.241 0.074
2455694.47523 19.328 0.068
2455695.46270 19.294 0.057
2455696.47160 19.320 0.079
2455697.46150 19.451 0.071
2455698.46068 99.999 9.999
2455699.47105 19.251 0.086
2455700.46263 19.564 0.090
2455702.45952 19.481 0.094
2455706.45782 19.325 0.092
2455709.44632 19.710 0.161
2455783.93612 19.616 0.063
2455795.92561 19.048 0.043
2455803.87090 19.026 0.032
2455805.83539 19.192 0.037
2455806.88638 19.271 0.038
2455809.84764 19.211 0.030
2455810.85073 19.123 0.037
2455812.84353 19.130 0.032
2455814.86036 19.187 0.045
2455815.87198 19.123 0.038
2455816.84608 19.180 0.055
2455817.84669 19.116 0.040
2455818.87580 19.259 0.045
2455819.82975 19.195 0.037
2455820.89720 19.104 0.035
2455822.81742 18.878 0.027
2455823.89229 19.161 0.038
2455824.81424 19.138 0.032
2455825.80248 19.509 0.042
2455826.85097 19.170 0.032
2455827.84495 19.142 0.031
2455828.87116 19.105 0.030
2455829.84458 19.219 0.026
2455830.83612 19.546 0.040
2455831.82778 19.240 0.028
2455832.81722 19.164 0.029
2455833.80153 19.241 0.036
2455834.80248 19.181 0.028
2455835.86238 19.568 0.049
2455836.76593 19.157 0.028
2455837.84772 19.092 0.031
2455839.82985 19.330 0.040
2455840.81283 19.413 0.036
2455841.80982 19.210 0.038
2455842.82800 19.232 0.054
2455843.84348 19.256 0.039
2455846.81895 19.445 0.090
2455850.78276 19.479 0.043
2455851.79184 19.263 0.045
2455852.77555 19.298 0.058
2455853.84531 19.365 0.054
2455854.74993 19.433 0.043
2455855.82033 19.349 0.034
2455856.79189 19.382 0.070
2455857.77621 19.351 0.058
2455858.82612 19.275 0.056
2455859.79464 19.277 0.061
2455860.77969 19.295 0.062
2455861.78869 19.302 0.054
2455863.79060 19.488 0.045
2455864.69920 19.508 0.041
2455865.76875 19.387 0.079
2455866.79287 19.504 0.044
2455867.73177 19.572 0.051
2455868.83325 19.537 0.039
2455869.79873 19.322 0.031
2455870.73854 19.293 0.038
2455871.72461 19.304 0.037
2455872.73398 19.195 0.033
2455873.72920 19.180 0.041
2455874.76277 19.139 0.059
2455875.69869 19.121 0.044
2455878.73613 19.311 0.068
2455879.68371 19.169 0.051
2455880.73517 19.231 0.044
2455880.78618 19.278 0.047
2455881.72175 18.979 0.029
2455882.75253 19.248 0.040
2455883.75651 19.106 0.043
2455885.68740 19.046 0.048
2455886.72385 19.456 0.067
2455887.79619 19.079 0.024
2455888.78485 19.219 0.038
2455889.82706 19.294 0.045
2455890.76059 19.107 0.043
2455891.71922 19.315 0.060
2455892.73700 19.522 0.048
2455893.75510 19.317 0.038
2455894.77856 19.301 0.036
2455895.79566 19.368 0.050
2455896.77869 19.356 0.048
2455897.72552 19.474 0.050
2455898.70770 19.566 0.060
2455899.76687 19.538 0.052
2455900.71651 19.232 0.037
2455901.76580 19.331 0.049
2455902.71704 19.429 0.063
2455903.77222 19.306 0.056
2455904.74682 19.443 0.048
2455905.72090 19.210 0.044
2455906.73278 19.428 0.057
2455907.70914 19.381 0.052
2455908.73557 19.363 0.057
2455909.78067 19.644 0.071
2455910.69343 19.673 0.062
2455911.72529 19.862 0.058
2455912.74577 19.527 0.049
2455913.71770 19.394 0.036
2455914.74034 19.408 0.051
2455915.69736 19.465 0.040
2455916.75124 19.548 0.040
2455917.71488 19.377 0.031
2455922.73190 19.265 0.028
2455923.70816 19.342 0.042
2455924.68946 19.277 0.035
2455925.70348 19.293 0.051
2455926.71528 19.296 0.039
2455927.71428 19.405 0.063
2455929.68844 19.282 0.059
2455930.83361 19.180 0.034
2455931.65403 19.140 0.051
2455932.65143 19.387 0.051
2455933.70262 19.608 0.065
2455934.69868 19.482 0.048
2455935.64970 19.441 0.070
2455936.64376 19.424 0.057
2455937.67355 19.364 0.041
2455938.67429 19.200 0.037
2455939.71808 19.131 0.037
2455940.75403 19.180 0.035
2455941.75396 19.035 0.033
2455942.77831 19.050 0.032
2455943.73582 19.136 0.037
2455944.72902 19.234 0.030
2455945.70937 19.079 0.024
2455946.64920 18.937 0.026
2455946.76555 19.120 0.037
2455947.71568 19.192 0.042
2455948.70498 19.318 0.038
2455949.72114 19.516 0.053
2455950.64215 19.304 0.034
2455951.66750 19.394 0.051
2455952.69211 19.427 0.036
2455953.69005 19.554 0.053
2455954.68762 19.572 0.034
2455955.71020 19.382 0.043
2455956.71028 19.164 0.030
2455958.72745 19.548 0.040
2455959.69944 19.628 0.050
2455960.69986 19.327 0.039
2455961.63323 19.193 0.031
2455962.63414 19.204 0.051
2455963.60082 19.371 0.076
2455964.61283 19.174 0.052
2455965.61178 19.101 0.040
2455967.63391 19.121 0.049
2455968.63401 19.855 0.081
2455969.61002 19.072 0.030
2455970.58751 19.254 0.031
2455971.68041 19.026 0.027
2455972.66681 19.195 0.028
2455973.64986 19.368 0.029
2455974.60491 19.081 0.036
2455976.63906 19.072 0.039
2455977.67262 19.102 0.035
2455978.64849 19.111 0.028
2455979.59923 18.867 0.028
2455980.61489 19.119 0.035
2455981.63838 99.999 9.999
2455982.64424 18.976 0.034
2455983.68694 19.308 0.035
2455984.62595 19.056 0.046
2455985.65829 18.924 0.032
2455986.58805 19.045 0.038
2455987.66353 19.321 0.046
2455988.62949 19.226 0.048
2455989.59399 19.204 0.035
2455990.58748 19.492 0.071
2455991.66251 19.434 0.065
2455992.62275 19.698 0.073
2455993.57965 19.464 0.055
2455994.57831 19.524 0.063
2455995.62602 19.399 0.064
2455996.59612 19.539 0.083
2455997.59826 19.480 0.064
2455998.59662 19.366 0.044
2455998.65703 19.340 0.052
2455999.63534 19.515 0.045
2456000.61274 19.325 0.039
2456002.57645 19.311 0.078
2456003.54256 19.193 0.050
2456004.58135 19.475 0.047
2456005.56883 19.542 0.058
2456006.56908 19.725 0.054
2456007.56832 19.522 0.043
2456008.57615 19.312 0.037
2456009.54394 19.262 0.049
2456010.59599 19.462 0.064
2456011.55828 19.749 0.064
2456012.55737 19.427 0.048
2456013.53911 19.825 0.085
2456014.55807 19.553 0.053
2456015.55318 19.300 0.043
2456016.59405 19.269 0.038
2456017.55724 19.098 0.036
2456018.51263 19.219 0.050
2456019.55848 19.025 0.036
2456020.58285 19.140 0.039
2456021.57092 19.086 0.045
2456022.58193 19.037 0.043
2456023.55648 19.127 0.042
2456024.57931 19.290 0.060
2456025.57933 19.573 0.068
2456026.52563 19.374 0.066
2456028.56239 99.999 9.999
2456032.50029 18.995 0.051
2456033.48786 19.250 0.063
2456034.49347 19.164 0.045
2456035.51884 19.167 0.041
2456036.49567 18.991 0.035
2456037.49538 19.046 0.050
2456038.48712 19.051 0.058
2456039.49378 19.191 0.064
2456040.49607 19.086 0.045
2456042.49371 19.325 0.059
2456047.47077 19.509 0.076
2456048.46949 19.205 0.051
2456049.49280 19.451 0.053
2456050.46839 19.303 0.063
2456052.48405 19.254 0.049
2456053.48068 19.420 0.068
2456055.48973 19.229 0.052
2456056.47671 19.220 0.049
2456057.47259 19.287 0.045
2456058.46407 19.399 0.053
2456059.47391 19.362 0.054
2456060.47668 19.273 0.053
2456061.46780 19.080 0.052
2456062.46185 19.099 0.060
2456064.46367 19.089 0.045
2456070.46505 19.246 0.071
2456123.91118 19.315 0.041
2456137.90908 19.234 0.050
2456149.93268 19.259 0.064
2456165.90889 19.745 0.062
2456171.87468 19.417 0.043
2456173.92422 19.140 0.081
2456179.90066 19.257 0.051
2456180.85320 19.420 0.064
2456181.86741 19.057 0.026
2456182.87197 19.321 0.032
2456183.87365 19.371 0.028
2456184.90021 19.275 0.026
2456185.84989 19.205 0.028
2456186.85142 19.150 0.034
2456191.87694 19.207 0.026
2456193.86424 19.458 0.040
2456194.88121 19.492 0.039
2456196.86874 19.469 0.043
2456199.81771 19.519 0.058
2456202.82516 19.378 0.065
2456204.86027 19.334 0.033
2456207.87101 19.257 0.047
2456210.86972 19.031 0.032
2456212.82249 19.319 0.037
2456214.87366 19.297 0.056
2456216.82034 19.338 0.031
2456219.80531 19.226 0.040
2456221.81860 19.271 0.048
2456222.81951 19.259 0.049
2456223.77656 19.160 0.035
2456224.84116 19.279 0.034
2456225.72416 19.306 0.054
2456226.73652 19.319 0.049
2456229.78111 19.337 0.050
2456230.72291 19.381 0.082
2456231.74772 19.427 0.056
2456232.81368 19.418 0.042
2456233.82024 19.277 0.035
2456234.82408 19.419 0.039
2456235.77147 19.254 0.033
2456236.78906 19.432 0.037
2456237.86506 19.454 0.047
2456238.82276 19.405 0.036
2456239.79678 19.460 0.039
2456240.84004 19.349 0.048
2456241.79371 19.583 0.051
2456242.83665 19.281 0.028
2456243.80500 19.287 0.038
2456244.73846 19.163 0.028
2456245.76231 19.142 0.030
2456248.77899 19.074 0.028
2456251.76962 19.344 0.033
2456254.77948 19.155 0.032
2456257.80676 19.126 0.052
2456262.73160 19.414 0.044
2456265.80318 19.691 0.044
2456270.81955 19.875 0.053
2456274.81118 19.451 0.041
2456278.75824 19.529 0.054
2456282.78111 19.144 0.038
2456286.71436 19.125 0.036
2456289.78368 19.591 0.059
2456294.80373 19.720 0.064
2456299.76213 19.437 0.050
2456306.70435 19.376 0.039
2456312.67668 19.586 0.053
2456317.68782 19.526 0.054
2456323.66106 19.390 0.039
2456329.62029 19.397 0.048
2456333.61068 19.210 0.039
2456334.62910 19.440 0.037
2456335.60806 19.493 0.051
2456336.57534 19.734 0.059
2456340.62332 19.547 0.041
2456343.56713 19.612 0.071
2456347.59345 19.176 0.043
2456349.59690 19.139 0.045
2456356.61092 19.118 0.036
2456363.52767 19.002 0.037
2456371.55274 19.273 0.042
2456378.53609 19.153 0.046
2456387.52625 19.243 0.043
2456396.53221 19.361 0.048
2456404.51743 19.126 0.044
2456416.49351 19.215 0.049
2456508.93297 19.212 0.062
2456520.88557 19.222 0.032
2456531.89665 19.452 0.046
2456547.86208 19.387 0.042
2456561.83007 19.457 0.046
2456571.83681 19.503 0.038
2456577.87734 19.443 0.036
2456583.78350 19.384 0.047
2456608.82370 19.308 0.032
2456612.75987 19.435 0.049
2456616.72173 19.192 0.036
2456622.77570 19.152 0.037
2456628.80184 19.016 0.027
2456638.72866 19.570 0.042
2456645.72659 19.153 0.037
2456649.73351 19.085 0.030
2456654.75364 19.148 0.030
2456658.76360 19.325 0.031
2456662.73215 19.765 0.065
2456667.79230 19.308 0.048
2456672.76702 19.184 0.058
2456680.76129 19.371 0.042
2456690.64394 19.298 0.034
2456697.70464 19.190 0.031
2456705.66789 19.422 0.057
2456712.63727 19.029 0.033
2456720.67672 19.250 0.042
2456736.60733 19.233 0.062