2455260.60581 19.898 0.138
2455261.52082 19.715 0.117
2455262.61748 19.829 0.134
2455263.59829 20.191 0.235
2455264.58349 19.738 0.136
2455265.51505 19.924 0.172
2455266.57996 20.207 0.229
2455267.59226 19.969 0.184
2455268.57597 19.870 0.192
2455269.54517 19.962 0.147
2455270.56235 19.931 0.108
2455271.55415 19.923 0.127
2455273.54311 19.769 0.109
2455274.57410 19.766 0.132
2455275.55756 19.941 0.123
2455276.55324 19.868 0.105
2455279.54164 19.858 0.196
2455280.53998 20.068 0.210
2455281.51688 19.816 0.144
2455282.53584 20.124 0.188
2455283.48753 19.846 0.338
2455286.51698 19.857 0.150
2455288.53362 19.689 0.152
2455291.52520 19.943 0.146
2455294.55352 19.790 0.169
2455294.55702 19.940 0.177
2455295.47819 19.716 0.244
2455296.56817 20.139 0.208
2455298.54886 20.051 0.210
2455301.50903 20.136 0.193
2455306.50647 19.876 0.151
2455310.52287 20.212 0.338
2455310.52991 20.068 0.308
2455310.53463 19.851 0.220
2455313.47867 19.715 0.255
2455314.49846 19.923 0.305
2455320.46646 20.038 0.255
2455321.46067 19.811 0.292
2455323.48006 20.070 0.181
2455324.47918 19.943 0.231
2455326.48713 20.016 0.166
2455328.48012 20.062 0.201
2455337.47464 19.792 0.214
2455430.89556 20.123 0.260
2455439.90480 19.778 0.148
2455444.91991 19.922 0.272
2455449.82253 19.944 0.136
2455451.91561 19.749 0.376
2455453.87757 19.897 0.096
2455455.85110 19.962 0.138
2455457.89422 19.902 0.091
2455462.89024 19.735 0.142
2455465.85296 19.815 0.197
2455468.81973 19.855 0.145
2455470.79215 19.899 0.119
2455471.84244 20.031 0.125
2455473.77058 19.814 0.098
2455477.74631 19.794 0.075
2455478.78674 19.815 0.098
2455481.72598 19.932 0.124
2455482.77674 20.027 0.162
2455484.77082 19.923 0.148
2455485.78017 19.799 0.085
2455486.86555 20.113 0.172
2455487.86221 19.786 0.102
2455488.87111 19.840 0.094
2455490.72214 19.775 0.154
2455491.74263 19.734 0.136
2455492.82711 19.675 0.135
2455493.75100 20.055 0.193
2455495.83241 19.932 0.131
2455497.73804 19.694 0.121
2455503.83499 20.006 0.095
2455507.73344 19.855 0.089
2455510.81752 19.768 0.084
2455512.83611 19.898 0.102
2455514.83853 19.861 0.112
2455516.84174 19.932 0.104
2455519.76938 20.088 0.232
2455521.82750 20.041 0.211
2455523.80366 19.730 0.136
2455525.81208 19.852 0.111
2455527.66977 19.872 0.088
2455528.78972 19.994 0.132
2455529.85775 19.852 0.207
2455531.84022 20.025 0.101
2455533.66532 20.072 0.130
2455534.70868 19.853 0.102
2455535.79940 19.847 0.104
2455539.83867 19.951 0.149
2455541.80804 20.181 0.206
2455543.82904 19.897 0.131
2455544.82433 19.654 0.107
2455546.65390 19.930 0.175
2455547.81540 19.802 0.124
2455549.75623 19.842 0.144
2455551.76800 19.591 0.117
2455553.78717 19.878 0.178
2455554.80580 19.755 0.150
2455556.76815 19.973 0.141
2455558.77455 19.806 0.134
2455559.80861 19.622 0.102
2455561.75897 19.977 0.158
2455562.80197 20.100 0.167
2455563.76470 20.004 0.129
2455565.79080 19.781 0.136
2455566.78592 19.979 0.170
2455570.77824 19.743 0.130
2455575.72826 19.795 0.121
2455575.73315 20.204 0.180
2455576.76968 19.863 0.088
2455577.70795 19.791 0.146
2455578.71194 20.003 0.175
2455579.76135 19.849 0.221
2455580.70569 19.787 0.107
2455581.70779 20.044 0.172
2455583.72375 19.796 0.126
2455584.72241 19.812 0.138
2455585.77823 19.706 0.162
2455589.71489 19.974 0.121
2455590.67806 19.886 0.095
2455592.75069 20.035 0.106
2455593.71778 19.835 0.155
2455595.69824 19.977 0.111
2455597.64467 20.063 0.125
2455598.70983 19.719 0.118
2455599.70475 19.882 0.127
2455601.73269 20.022 0.161
2455602.72262 20.147 0.128
2455605.72552 19.865 0.097
2455606.72492 19.784 0.143
2455608.70777 20.177 0.238
2455611.68452 20.199 0.346
2455614.67777 20.173 0.178
2455616.68797 19.711 0.115
2455623.63849 19.794 0.146
2455626.56835 19.954 0.147
2455629.62225 19.978 0.132
2455631.55297 19.848 0.171
2455633.63091 19.747 0.121
2455635.59651 19.621 0.164
2455639.60643 20.156 0.357
2455641.59423 19.936 0.171
2455643.55787 19.914 0.121
2455645.56358 19.812 0.184
2455647.59002 19.957 0.132
2455649.55658 19.839 0.162
2455652.57196 19.960 0.132
2455654.57515 19.728 0.124
2455657.53513 20.108 0.179
2455659.57089 19.760 0.141
2455665.54498 19.935 0.207
2455667.52464 19.940 0.158
2455671.52675 20.305 0.312
2455675.52330 19.745 0.140
2455677.52289 20.225 0.193
2455682.51690 19.964 0.182
2455686.49858 19.805 0.131
2455693.49666 19.880 0.173
2455694.45797 19.724 0.239
2455786.92088 20.081 0.179
2455802.87457 19.810 0.140
2455804.91619 19.742 0.092
2455805.88286 19.937 0.117
2455807.89677 19.848 0.168
2455810.83081 19.907 0.133
2455813.83566 19.917 0.120
2455815.91646 19.807 0.254
2455816.89091 19.976 0.172
2455819.87626 20.228 0.191
2455822.84698 19.971 0.130
2455824.84383 19.708 0.104
2455826.81362 19.826 0.091
2455829.79153 19.777 0.077
2455831.88803 19.965 0.082
2455833.78185 20.053 0.130
2455835.81062 19.923 0.113
2455836.88193 19.914 0.107
2455839.78886 19.832 0.119
2455841.88752 19.614 0.104
2455844.82824 19.646 0.153
2455850.84803 20.333 0.218
2455851.82127 19.816 0.145
2455854.88151 20.166 0.277
2455855.85028 19.823 0.090
2455856.85611 20.018 0.176
2455858.80655 20.082 0.225
2455860.81018 19.873 0.111
2455861.81842 19.927 0.133
2455862.79712 19.991 0.108
2455864.84389 19.967 0.109
2455865.74791 19.975 0.160
2455867.86272 19.952 0.135
2455868.76283 19.931 0.101
2455870.87470 19.787 0.289
2455873.77420 19.752 0.099
2455874.80655 20.046 0.162
2455875.86996 19.582 0.240
2455880.76466 20.014 0.144
2455882.79736 19.931 0.126
2455885.79520 20.018 0.169
2455888.84001 19.866 0.130
2455890.82176 20.155 0.142
2455891.83912 19.868 0.123
2455893.72013 19.889 0.123
2455895.76105 19.731 0.116
2455896.80837 19.987 0.171
2455897.84461 20.061 0.150
2455899.71647 19.732 0.122
2455900.81768 19.850 0.105
2455901.82839 19.929 0.129
2455902.76187 19.976 0.256
2455903.81671 19.892 0.164
2455904.78165 19.953 0.141
2455905.75064 19.827 0.145
2455906.76369 19.883 0.149
2455907.76544 19.964 0.143
2455908.78163 20.221 0.236
2455909.82221 19.858 0.170
2455910.77493 19.832 0.122
2455911.80157 19.808 0.123
2455912.82256 19.801 0.116
2455913.82804 19.759 0.095
2455914.81773 19.872 0.088
2455915.78018 19.776 0.067
2455916.79835 20.002 0.116
2455917.77811 20.042 0.106
2455923.77744 19.880 0.106
2455924.77802 19.813 0.084
2455925.78209 20.069 0.200
2455927.77771 19.891 0.128
2455929.78435 19.890 0.105
2455931.71445 19.873 0.161
2455932.77140 19.822 0.133
2455933.77986 19.889 0.199
2455934.80028 19.917 0.222
2455936.72302 20.378 0.376
2455937.74491 20.297 0.238
2455938.73805 19.969 0.150
2455940.78359 19.889 0.132
2455941.73470 19.726 0.108
2455942.75858 19.831 0.099
2455943.76719 19.754 0.121
2455944.75847 19.860 0.088
2455945.73931 19.837 0.080
2455946.74635 20.099 0.150
2455947.74621 20.197 0.160
2455948.73466 19.823 0.093
2455949.75079 19.659 0.132
2455951.73190 19.981 0.158
2455953.75082 20.138 0.260
2455955.74007 19.843 0.109
2455959.72938 20.026 0.131
2455962.61461 20.131 0.321
2455963.70761 19.703 0.165
2455965.65841 20.375 0.274
2455968.66488 19.641 0.156
2455971.71242 19.718 0.103
2455973.62992 20.050 0.078
2455974.63804 19.998 0.117
2455977.63781 19.839 0.121
2455979.68683 19.985 0.177
2455980.67179 19.981 0.170
2455982.67413 19.880 0.107
2455984.67379 20.060 0.120
2455986.68098 19.894 0.097
2455988.65964 20.163 0.228
2455989.64503 19.891 0.139
2455991.64347 19.893 0.212
2455992.65242 19.912 0.166
2455994.55885 19.958 0.196
2455997.62807 19.926 0.201
2456000.64240 20.010 0.131
2456003.57305 20.266 0.201
2456007.59795 19.926 0.122
2456011.58950 19.714 0.108
2456018.55917 19.767 0.129
2456023.53710 19.985 0.157
2456026.55601 20.342 0.326
2456033.53510 20.179 0.278
2456034.52356 20.245 0.219
2456036.54134 19.920 0.146
2456038.53396 19.577 0.156
2456039.53853 19.832 0.172
2456040.52580 19.840 0.125
2456047.51531 19.837 0.186
2456050.49843 20.075 0.248
2456057.48180 19.861 0.140
2456067.48277 20.216 0.318
2456141.92447 20.225 0.295
2456160.91092 19.508 0.072
2456171.91413 19.993 0.150
2456181.91171 20.377 0.384
2456182.90147 19.778 0.090
2456186.90114 19.913 0.129
2456195.90449 20.599 0.499
2456198.85733 20.475 0.349
2456200.84747 20.445 0.357
2456203.83455 19.932 0.163
2456211.87790 19.822 0.155
2456212.86927 19.935 0.151
2456215.83274 19.892 0.108
2456220.74657 20.113 0.161
2456222.87366 19.728 0.168
2456230.75237 12.178 0.001
2456232.85822 12.589 0.001
2456235.85867 13.176 0.001
2456237.85609 13.429 0.001
2456238.81372 13.638 0.002
2456239.78785 13.763 0.002
2456240.83108 13.923 0.002
2456241.78477 13.998 0.002
2456241.83203 14.026 0.002
2456243.79616 14.240 0.002
2456244.79093 14.367 0.002
2456244.83829 14.387 0.003
2456245.78968 14.464 0.002
2456248.80859 14.751 0.003
2456251.79903 15.059 0.003
2456254.74482 15.348 0.004
2456257.78699 15.635 0.006
2456261.75401 15.891 0.006
2456262.76111 15.979 0.005
2456265.78333 16.184 0.006
2456271.78920 16.543 0.008
2456278.78817 16.933 0.012
2456283.77310 17.083 0.010
2456287.80146 17.271 0.017
2456291.81081 17.557 0.020
2456297.72761 17.724 0.031
2456303.56692 17.963 0.022
2456310.69116 18.270 0.026
2456318.66872 18.587 0.052
2456338.61999 18.764 0.039
2456343.61824 18.985 0.065
2456350.60342 19.006 0.090
2456355.54716 18.931 0.051
2456361.56336 19.049 0.055
2456368.58027 19.137 0.061
2456374.58554 19.089 0.070
2456381.55931 19.237 0.068
2456389.53833 19.175 0.061
2456398.49245 19.280 0.087
2456511.91779 19.483 0.088
2456521.89903 19.718 0.113
2456532.89695 19.857 0.120
2456548.85366 19.953 0.132
2456564.88064 19.517 0.087
2456572.80234 19.712 0.088
2456578.88628 19.956 0.216
2456584.74545 20.172 0.253
2456593.75594 19.956 0.191
2456607.78711 19.608 0.089
2456613.73590 19.706 0.133
2456613.75405 19.502 0.115
2456617.71655 19.665 0.076
2456627.75604 19.925 0.102
2456637.76321 19.858 0.117
2456644.79996 19.987 0.148
2456650.77744 19.876 0.117
2456657.79301 19.704 0.107
2456660.74864 19.634 0.090
2456666.81215 19.820 0.094
2456671.76149 19.746 0.141
2456678.77849 19.637 0.097
2456682.67360 20.267 0.176
2456693.63058 19.642 0.085
2456698.70113 19.984 0.180
2456703.66476 19.824 0.208
2456707.65513 19.595 0.091
2456710.67028 19.836 0.116
2456715.64246 19.703 0.099
2456731.61803 19.971 0.221