11.9343799998  12.147
13.0262999998  12.074
14.0222199999  12.201
16.0020700002  12.294
17.0220000001  12.374
17.9939300001  12.607
18.9058600001  12.899
20.0237800002  12.991
20.9617100002  12.893
21.9576399999  12.846
23.9104899999  13.05
24.9494200002  13.338
26.0423399999  13.25
26.9292800001  13.42
27.9132100002  13.425
28.9091399999  13.771
29.91007  13.711
30.9009999999  13.742
31.93893  13.756
32.9798600001  14.0
33.9467999998  13.905
36.9335999999  14.022
37.8675399998  14.045
38.9424699999  14.239
39.9903999998  14.184
40.9163499999  14.274
41.9042900002  14.275
42.91423  14.438
44.9191099999  14.346
45.9030500001  14.41
46.97899  14.591
47.8969400001  14.498
48.8888899998  14.593
49.8888399999  14.63
50.8557800001  14.711
51.8837400002  14.615
52.8996800001  14.726
53.90163  14.791
54.86158  14.815
56.9214899999  14.858
57.87344  15.011
58.8993999998  15.0
59.8443599998  15.008
61.83828  15.069
62.8792399999  15.055
63.8452000001  15.142
64.8821699999  15.084
65.8401300002  15.166
71.9149399998  15.35
72.8709199999  15.334
73.8578799998  15.386
74.8218500002  15.478
74.88285  15.46
74.9508499999  15.575
75.81883  15.367
75.8708300002  15.465
75.9398299998  15.429
76.8288100001  15.533
78.84977  15.499
79.8697499999  15.525
80.8477399999  15.606
85.85968  15.708
86.84568  15.651
88.8216799998  15.69
89.8426699999  15.647
91.8356700002  15.698
93.81968  15.696
95.8296899998  15.901
99.82372  15.901
102.82777  15.82
104.8208  15.902
108.82389  15.902
