2452086.89971  20.103   0.217
2452103.90643  20.318   0.146
2452105.93657  19.942   0.150
2452106.90218  20.439   0.278
2452112.85456  20.044   0.137
2452116.88230  20.018   0.134
2452123.82923  19.917   0.172
2452124.84969  19.961   0.274
2452128.83670  20.352   0.273
2452129.86869  20.118   0.186
2452130.85510  19.934   0.156
2452131.84916  20.080   0.214
2452132.81695  20.104   0.223
2452133.90577  20.136   0.256
2452134.82124  20.219   0.246
2452135.85527  20.570   0.309
2452137.90211  20.177   0.255
2452140.82253  20.313   0.189
2452142.76206  20.164   0.159
2452143.82757  20.294   0.215
2452144.83426  20.096   0.133
2452155.88975  19.808   0.259
2452156.83639  19.871   0.185
2452160.76576  20.165   0.211
2452162.77260  20.112   0.157
2452166.76716  20.049   0.128
2452167.77563  19.895   0.149
2452168.72483  20.382   0.208
2452172.75738  20.340   0.216
2452177.65084  19.864   0.157
2452183.71025  19.614   0.188
2452184.71246  20.197   0.260
2452185.67596  20.246   0.273
2452186.70081  20.313   0.344
2452187.69597  20.418   0.301
2452190.70257  20.263   0.242
2452191.67311  15.587   0.005
2452192.67324  12.405   0.001
2452206.61720  11.912   0.001
2452211.65131  12.156   0.001
2452212.65515  12.276   0.002
2452213.66095  12.257   0.001
2452214.65214  12.482   0.001
2452215.65913  12.564   0.001
2452217.64583  12.501   0.001
2452219.68870  12.674   0.001
2452222.73726  12.708   0.001
2452224.72356  12.866   0.001
2452226.64645  12.847   0.001
2452228.56834  13.051   0.001
2452229.62662  13.029   0.001
2452231.65327  13.124   0.001
2452232.52003  13.155   0.002
2452233.62342  13.230   0.001
2452235.67352  13.314   0.001
2452238.55709  13.365   0.002
2452240.66138  13.531   0.002
2452242.62891  13.616   0.002
2452248.61823  13.896   0.002
2452250.58688  14.034   0.002
2452253.58057  14.180   0.002
2452255.61721  14.203   0.003
2452258.58349  14.335   0.002
2452263.59425  14.399   0.003
2452266.58010  14.552   0.003
2452271.57463  14.712   0.003
2452273.57395  14.823   0.004
2452275.60888  15.023   0.004
2452276.56847  15.009   0.005
2452278.60108  15.141   0.004
2452280.59687  15.204   0.005
2452284.59975  15.426   0.005
2452290.61373  15.591   0.005
2452293.57603  15.653   0.006
2452295.56892  15.703   0.006
2452297.57225  15.789   0.007
2452299.57134  15.815   0.007
2452445.92217  18.808   0.070
2452460.89006  18.836   0.090
2452463.92636  18.924   0.064
2452467.91215  18.977   0.067
2452469.91151  18.981   0.066
2452471.90098  18.806   0.060
2452472.93041  18.823   0.051
2452473.91727  18.950   0.057
2452481.91461  19.029   0.099
2452483.89985  19.044   0.055
2452486.89686  19.071   0.098
2452488.89076  19.098   0.107
2452488.89511  18.919   0.091
2452489.93422  18.956   0.091
2452492.91459  19.205   0.092
2452495.90929  18.973   0.098
2452496.91424  19.126   0.078
2452497.93768  19.127   0.106
2452498.78493  19.180   0.075
2452499.87059  19.197   0.079
2452500.87612  19.242   0.076
2452501.86509  19.201   0.065
2452502.84526  19.157   0.102
2452508.75658  19.126   0.139
2452516.78783  19.196   0.104
2452517.83458  19.287   0.088
2452518.80600  19.080   0.084
2452519.84292  19.218   0.074
2452520.80231  19.068   0.081
2452521.83440  19.224   0.062
2452524.83271  19.161   0.108
2452526.78890  19.317   0.060
2452534.84525  19.382   0.125
2452535.82544  19.372   0.101
2452537.71322  19.364   0.130
2452538.80922  19.478   0.137
2452539.71202  19.298   0.098
2452540.75390  19.412   0.143
2452541.72390  19.279   0.092
2452542.69369  19.381   0.098
2452544.67323  19.354   0.079
2452545.68728  19.448   0.094
2452547.70527  19.361   0.099
2452548.72273  19.345   0.088
2452550.71787  19.312   0.092
2452551.70447  19.346   0.079
2452552.72052  19.462   0.100
2452554.71370  19.334   0.077
2452555.72165  19.407   0.083
2452556.70066  19.536   0.087
2452557.71319  19.369   0.064
2452558.66968  19.549   0.109
2452559.62658  19.473   0.106
2452560.65965  19.389   0.083
2452562.67807  19.544   0.122
2452563.68603  19.498   0.102
2452564.70141  19.395   0.103
2452565.69133  19.600   0.126
2452566.67163  19.459   0.102
2452568.70262  19.632   0.177
2452571.65626  19.459   0.125
2452573.66869  19.757   0.214
2452574.65253  19.640   0.106
2452576.68673  19.495   0.124
2452577.63939  19.459   0.147
2452578.63949  19.458   0.113
2452579.64613  19.368   0.120
2452580.65825  19.662   0.106
2452583.62956  19.651   0.156
2452584.63694  19.557   0.123
2452586.63580  19.450   0.103
2452587.61956  19.576   0.118
2452588.72994  19.578   0.117
2452589.61041  19.731   0.138
2452590.62464  19.662   0.185
2452591.64775  19.518   0.122
2452593.61677  19.517   0.108
2452594.62053  19.635   0.183
2452596.59606  19.718   0.180
2452597.58324  19.544   0.162
2452598.66376  19.659   0.130
2452599.61655  19.838   0.201
2452607.63779  19.761   0.201
2452610.55754  19.752   0.176
2452613.55130  19.523   0.129
2452615.58018  19.597   0.123
2452619.56783  19.671   0.156
2452621.57693  19.626   0.153
2452625.55945  19.802   0.251
2452632.55842  19.601   0.113
2452636.55439  19.695   0.148
2452639.55408  19.634   0.133
2452642.56364  19.753   0.194
2452646.57566  19.654   0.146
2452651.54854  20.108   0.309
2452654.56959  19.814   0.218
2452657.56839  19.598   0.161
2452660.57192  19.535   0.162
2452671.56183  19.725   0.157
2452673.57362  19.686   0.205
2452676.53501  20.037   0.224
2452679.54942  19.808   0.166
2452682.55155  19.484   0.152
2452777.91402  20.128   0.282
2452804.88096  19.948   0.229
2452811.91542  19.970   0.262
2452814.95109  19.912   0.323
2452817.93759  19.916   0.215
2452825.91770  19.960   0.216
2452830.91470  19.647   0.167
2452831.79244  19.821   0.226
2452832.75842  19.959   0.200
2452832.93634  19.941   0.166
2452833.87633  20.022   0.240
2452835.88499  20.081   0.183
2452837.88602  19.768   0.256
2452838.94323  19.811   0.258
2452840.83597  19.985   0.208
2452843.83739  19.915   0.161
2452844.88320  19.911   0.133
2452845.92923  20.140   0.228
2452849.86663  19.925   0.172
2452850.89940  19.664   0.204
2452851.94296  19.514   0.201
2452852.81361  19.803   0.186
2452854.83935  20.149   0.194
2452856.82630  19.868   0.235
2452858.92033  19.958   0.136
2452860.88635  19.896   0.137
2452861.75751  20.071   0.147
2452862.93654  19.640   0.207
2452863.84572  20.276   0.333
2452865.84257  19.507   0.180
2452866.89225  19.678   0.162
2452867.83977  20.049   0.193
2452869.91754  20.011   0.192
2452870.82654  19.926   0.136
2452871.86945  20.068   0.187
2452875.81580  19.960   0.189
2452876.78671  20.008   0.153
2452879.75021  19.957   0.123
2452883.83637  19.911   0.122
2452885.77120  19.740   0.112
2452888.81948  20.238   0.312
2452892.81087  19.771   0.192
2452894.74001  19.986   0.180
2452896.73709  20.049   0.146
2452898.75809  19.872   0.133
2452900.75694  19.944   0.104
2452902.75647  19.919   0.111
2452905.76363  19.987   0.174
2452907.76504  19.996   0.108
2452909.75414  20.239   0.143
2452911.74551  20.137   0.121
2452915.71700  19.993   0.133
2452917.74309  20.034   0.130
2452921.74621  19.904   0.139
2452923.76279  20.494   0.320
2452925.72578  20.277   0.180
2452927.72329  20.142   0.221
2452930.74137  19.967   0.170
2452932.74790  20.144   0.173
2452934.72770  19.794   0.119
2452937.65170  20.020   0.182
2452939.70435  19.944   0.155
2452940.64447  20.240   0.135
2452941.69431  20.043   0.130
2452942.64444  19.864   0.142
2452943.61566  20.246   0.226
2452944.60026  20.255   0.220
2452945.61705  19.979   0.280
2452947.62654  19.988   0.189
2452949.60779  20.150   0.202
2452950.65258  19.910   0.133
2452951.63977  19.971   0.185
2452952.66871  19.918   0.175
2452954.69358  20.240   0.295
2452956.63957  20.039   0.134
2452958.63396  19.962   0.154
2452961.60508  20.098   0.286
2452965.64347  20.007   0.176
2452968.60485  19.993   0.175
2452970.62410  19.865   0.134
2452972.60856  20.012   0.177
2452974.63014  20.106   0.155
2452976.55899  19.942   0.177
2452978.58514  20.050   0.238
2452980.60200  20.362   0.321
2452982.54719  20.041   0.185
2452984.63816  20.241   0.230
2452986.64821  19.931   0.189
2452988.54212  20.076   0.198
2452991.61365  20.064   0.169
2452994.59640  20.397   0.235
2452997.56944  20.041   0.161
2453001.58463  19.921   0.147
2453005.54270  20.066   0.204
2453008.56901  19.823   0.188
2453011.57240  20.205   0.322
2453018.58551  19.976   0.158
2453020.61359  20.032   0.151
2453021.62639  20.262   0.150
2453023.58232  19.971   0.138
2453025.58873  19.749   0.126
2453027.61431  20.068   0.191
2453029.58619  19.790   0.139
2453031.59078  20.044   0.141
2453033.59310  20.198   0.185
2453037.54015  20.370   0.294
2453164.94055  20.239   0.284
2453177.92831  19.721   0.177
2453183.92251  19.748   0.165
2453193.89029  20.751   0.493
2453196.86243  20.006   0.129
2453197.92494  20.080   0.192
2453199.92919  19.602   0.172
2453201.88237  20.845   0.364
2453203.89033  20.031   0.119
2453206.82816  20.434   0.334
2453210.90422  20.101   0.174
2453211.89561  19.906   0.149
2453215.67175  19.972   0.233
2453216.73978  19.739   0.194
2453217.94025  19.997   0.257
2453218.93031  19.644   0.195
2453222.87237  20.329   0.283
2453223.84574  20.387   0.290
2453226.83599  19.956   0.224
2453229.84314  20.290   0.157
2453231.82525  19.828   0.221
2453239.80365  19.892   0.142
2453240.80089  19.916   0.192
2453241.82523  19.839   0.170
2453242.72460  20.149   0.210
2453243.86102  20.068   0.195
2453244.83825  20.206   0.232
2453245.78735  20.229   0.240
2453247.77356  19.926   0.169
2453249.73825  19.983   0.171
2453251.75176  19.937   0.117
2453254.73889  20.295   0.168
2453257.75534  20.038   0.097
2453259.67449  19.950   0.157
2453261.71257  20.198   0.139
2453263.69528  20.372   0.152
2453265.72968  20.311   0.166
2453267.71849  19.833   0.127
2453269.81242  20.756   0.419
2453270.75177  20.203   0.202
2453271.67459  20.207   0.193
2453272.73182  20.229   0.178
2453274.71765  19.937   0.178
2453276.72210  19.999   0.181
2453277.76086  19.939   0.159
2453279.69246  19.979   0.136
2453281.65118  20.477   0.222
2453283.65268  20.107   0.123
2453287.61884  20.169   0.185
2453289.62995  20.473   0.227
2453293.60668  19.974   0.136
2453295.62551  20.201   0.120
2453297.60732  20.200   0.136
2453299.66366  20.573   0.193
2453301.63787  20.813   0.492
2453303.70014  19.690   0.166
2453306.63267  19.950   0.107
2453308.62043  20.141   0.218
2453310.61952  19.935   0.163
2453314.57437  19.866   0.211
2453320.61225  20.194   0.173
2453323.55573  20.098   0.181
2453327.56722  20.347   0.234
2453330.56146  19.910   0.171
2453335.60630  19.600   0.145
2453349.60620  20.361   0.152
2453353.58535  20.118   0.154
2453359.56187  19.835   0.142
2453363.56922  19.708   0.145
2453367.62855  20.008   0.167
2453372.55929  19.986   0.147
2453376.53862  20.136   0.159
2453378.60554  20.119   0.186
2453386.57203  20.339   0.169
2453390.58558  19.883   0.201
2453398.56735  20.520   0.267
2453402.55577  19.981   0.117
2453541.94064  20.169   0.159
2453547.92522  20.060   0.175
2453554.93343  19.824   0.148
2453561.85763  20.104   0.127
2453564.91771  20.079   0.117
2453568.84856  20.313   0.202
2453571.81161  20.001   0.269
2453573.85729  19.915   0.212
2453574.88814  19.960   0.172
2453578.90531  20.885   0.283
2453579.81017  19.998   0.128
2453581.85511  20.065   0.213
2453581.87966  20.757   0.370
2453582.83996  20.477   0.274
2453583.84999  20.222   0.161
2453584.81609  19.989   0.145
2453586.81872  20.310   0.145
2453588.83658  20.221   0.167
2453589.83150  20.071   0.145
2453591.88423  20.382   0.137
2453593.87051  20.349   0.258
2453596.90222  20.428   0.182
2453601.81983  20.160   0.209
2453607.82527  20.073   0.141
2453614.79664  20.003   0.102
2453617.77908  19.985   0.122
2453619.70906  20.104   0.143
2453621.72752  20.086   0.130
2453624.87581  19.981   0.194
2453626.72520  20.077   0.173
2453629.67882  20.219   0.273
2453633.71746  20.265   0.257
2453637.66044  19.917   0.161
2453639.71050  20.191   0.117
2453641.70704  20.270   0.173
2453643.73143  19.777   0.101
2453646.67056  20.025   0.156
2453650.66963  19.963   0.146
2453650.69369  19.910   0.126
2453651.74360  19.915   0.114
2453653.73978  20.314   0.185
2453655.70593  20.108   0.130
2453657.65963  20.095   0.131
2453658.67176  20.103   0.167
2453659.65183  19.977   0.192
2453660.67934  20.406   0.298
2453665.64651  20.027   0.157
2453668.58285  20.309   0.186
2453669.71372  20.105   0.168
2453671.64250  20.119   0.141
2453673.68460  19.978   0.164
2453675.66919  20.493   0.207
2453683.65853  20.286   0.168
2453685.66369  20.457   0.186
2453687.66396  20.493   0.248
2453689.61552  19.965   0.155
2453692.58651  20.058   0.177
2453694.57051  19.988   0.165
2453696.57106  20.279   0.160
2453698.60472  19.576   0.164
2453700.61472  20.315   0.235
2453702.59497  19.983   0.154
2453704.60125  20.657   0.259
2453706.62171  20.303   0.144
2453708.59864  20.256   0.209
2453711.60115  20.315   0.250
2453714.53488  20.542   0.349
2453718.61542  20.783   0.514
2453721.56903  20.118   0.175
2453724.57404  20.040   0.153
2453726.59454  20.341   0.238
2453728.56769  19.743   0.155
2453734.57112  20.149   0.196
2453737.58682  20.544   0.244
2453742.54546  20.131   0.282
2453746.57070  20.304   0.290
2453751.55063  20.051   0.332
2453756.56336  20.407   0.312
2453761.61359  20.349   0.295
2453766.53846  20.102   0.179
2453772.56129  20.292   0.266
2453776.56136  20.452   0.291
2453871.88727  20.124   0.328
2453901.94977  19.606   0.198
2453906.95003  20.232   0.381
2453913.92808  20.184   0.127
2453918.89047  20.052   0.140
2453931.92577  20.344   0.265
2453934.86881  20.333   0.163
2453936.87699  20.054   0.162
2453944.90840  20.112   0.161
2453946.87650  20.053   0.137
2453951.89574  20.405   0.251
2453955.86091  19.666   0.198
2453958.84640  19.683   0.150
2453960.83755  20.429   0.193
2453963.83429  20.422   0.362
2453965.82610  20.183   0.098
2453967.86849  20.131   0.138
2453969.81167  20.184   0.169
2453971.78783  20.216   0.160
2453974.78955  19.871   0.132
2453979.75079  20.035   0.150
2453980.62828  20.202   0.267
2453981.65454  20.522   0.216
2453983.84488  20.282   0.244
2453987.79339  20.228   0.204
2453990.80071  20.177   0.145
2453993.74556  20.036   0.188
2453995.75077  20.202   0.140
2453999.76013  20.108   0.130
2454002.73223  19.782   0.112
2454004.68398  20.202   0.129
2454006.71025  20.157   0.120
2454007.57361  20.081   0.166
2454008.58259  20.227   0.155
2454009.75243  20.084   0.148
2454013.70910  20.089   0.189
2454016.70370  20.164   0.154
2454018.71041  20.231   0.190
2454019.70107  20.242   0.249
2454021.68785  20.254   0.158
2454024.66132  20.372   0.178
2454026.64020  20.230   0.156
2454028.63616  20.072   0.119
2454030.64872  19.967   0.163
2454032.70080  19.740   0.154
2454037.67700  19.930   0.110
2454039.61490  20.178   0.160
2454041.61449  19.854   0.182
2454043.60017  20.854   0.444
2454046.60947  20.400   0.316
2454048.57541  20.641   0.361
2454050.61754  20.086   0.154
2454052.56964  20.371   0.217
2454054.62377  20.011   0.183
2454058.62941  20.286   0.208
2454060.52825  21.056   0.464
2454064.52592  20.329   0.150
2454066.56739  20.051   0.174
2454069.52574  19.986   0.192
2454073.60931  20.327   0.239
2454077.53269  19.873   0.136
2454079.53465  20.549   0.304
2454082.53456  20.542   0.298
2454085.57228  19.879   0.141
2454092.56836  20.469   0.186
2454096.59432  19.696   0.135
2454100.59710  20.889   0.451
2454105.56495  20.703   0.376
2454108.54116  20.560   0.213
2454113.61909  19.411   0.100
2454120.58992  20.273   0.150
2454132.57311  20.648   0.481
2454252.93706  20.227   0.327
2454255.85634  20.026   0.229
2454268.90906  20.191   0.201
2454275.93116  20.309   0.309
2454279.82785  19.834   0.256
2454282.81939  20.098   0.213
2454283.87233  20.284   0.283
2454285.92664  20.032   0.213
2454291.94744  20.266   0.353
2454292.86597  20.137   0.140
2454295.87000  20.275   0.178
2454296.89973  20.311   0.199
2454297.93260  20.180   0.140
2454299.86745  20.167   0.122
2454300.88894  20.148   0.155
2454301.90693  20.014   0.102
2454302.92856  20.194   0.231
2454306.92569  20.044   0.174
2454307.90742  20.071   0.115
2454308.66857  20.008   0.203
2454308.87659  20.428   0.238
2454310.84891  20.094   0.218
2454311.83647  19.766   0.216
2454312.91033  20.166   0.145
2454314.92979  20.245   0.273
2454316.83634  20.008   0.187
2454319.87350  20.118   0.196
2454320.90037  20.267   0.280
2454326.84428  20.105   0.199
2454327.82334  19.860   0.188
2454328.83899  20.319   0.248
2454329.84068  20.097   0.188
2454330.86979  20.052   0.130
2454333.87106  19.801   0.157
2454338.91140  19.942   0.215
2454340.78388  20.278   0.223
2454341.77904  19.989   0.208
2454342.83495  20.364   0.317
2454343.77254  19.905   0.158
2454344.75468  20.226   0.195
2454345.80065  20.123   0.166
2454347.78957  20.150   0.171
2454349.80275  20.116   0.156
2454351.83001  20.253   0.209
2454353.76306  20.064   0.174
2454359.70988  19.715   0.123
2454361.71244  19.937   0.181
2454362.73726  20.327   0.281
2454364.59417  20.208   0.322
2454367.69170  20.162   0.223
2454370.68337  20.474   0.300
2454372.74680  20.104   0.141
2454376.66219  20.053   0.170
2454378.62876  20.144   0.173
2454379.65674  20.160   0.302
2454380.76961  20.161   0.181
2454382.69700  20.146   0.160
2454386.67209  19.953   0.166
2454388.67259  20.424   0.230
2454390.68157  20.005   0.128
2454393.65536  19.883   0.155
2454395.69026  20.129   0.193
2454398.65570  20.056   0.212
2454400.67855  19.757   0.213
2454403.70437  20.208   0.225
2454407.64444  19.969   0.163
2454408.69064  20.071   0.215
2454410.71355  20.081   0.167
2454415.69771  20.314   0.273
2454418.60435  20.246   0.168
2454422.66558  20.296   0.188
2454424.66266  20.214   0.214
2454427.54935  20.114   0.221
2454429.59215  19.996   0.273
2454431.57979  20.683   0.339
2454433.58561  20.572   0.338
2454435.57390  20.153   0.181
2454437.66299  20.326   0.320
2454439.57488  19.967   0.209
2454441.61072  20.048   0.207
2454443.60143  20.293   0.250
2454449.65550  19.970   0.160
2454451.61058  20.191   0.171
2454453.59255  20.046   0.210
2454456.59396  20.238   0.302
2454459.54653  20.148   0.234
2454464.58619  20.167   0.163
2454465.55216  20.077   0.192
2454470.57110  19.980   0.175
2454474.60758  19.939   0.197
2454476.58575  20.159   0.179
2454479.61051  20.153   0.263
2454481.59520  20.303   0.258
2454484.61189  20.210   0.349
2454487.63339  19.842   0.269
2454609.90676  20.343   0.314
2454643.89140  20.049   0.217
2454649.94157  20.522   0.352
2454655.93810  19.982   0.140
2454661.90477  19.857   0.141
2454662.78746  20.395   0.189
2454662.90441  20.238   0.175
2454663.75915  20.052   0.230
2454663.94303  20.390   0.330
2454665.83211  19.962   0.220
2454665.92607  20.256   0.278
2454666.91992  20.349   0.316
2454670.91433  19.964   0.162
2454671.82857  20.573   0.289
2454672.88832  20.160   0.292
2454675.90591  20.035   0.186
2454681.88566  20.499   0.182
2454683.88090  20.106   0.126
2454685.86698  20.355   0.222
2454688.81835  20.226   0.193
2454690.74389  20.496   0.222
2454691.74680  20.262   0.268
2454693.90187  20.147   0.260
2454696.87544  20.520   0.398
2454698.76359  20.112   0.154
2454699.75759  20.154   0.198
2454700.79510  20.162   0.157
2454701.80031  19.820   0.142
2454702.86044  19.909   0.183
2454703.75952  20.270   0.216
2454704.77836  20.184   0.142
2454705.78558  19.846   0.184
2454707.77826  20.163   0.122
2454708.84649  20.388   0.192
2454710.76250  19.787   0.132
2454716.76398  20.178   0.179
2454719.77187  19.950   0.225
2454721.76287  20.073   0.306
2454724.77481  20.184   0.207
2454726.67047  20.058   0.236
2454729.68150  20.033   0.219
2454731.77170  20.065   0.114
2454734.75402  19.798   0.105
2454739.66011  20.229   0.239
2454741.68137  20.229   0.127
2454741.73467  20.002   0.120
2454747.60124  19.946   0.180
2454749.60086  19.817   0.207
2454753.66996  19.949   0.220
2454755.66391  20.060   0.171
2454757.64841  20.128   0.178
2454759.66097  19.811   0.127
2454761.63125  20.271   0.128
2454763.64390  19.959   0.210
2454766.61212  20.098   0.238
2454769.65023  20.213   0.267
2454771.56126  20.096   0.285
2454773.68609  20.439   0.234
2454775.67295  20.366   0.316
2454777.60665  19.951   0.174
2454779.64224  19.813   0.160
2454783.57581  20.091   0.181
2454785.60692  20.090   0.229
2454787.56328  20.282   0.453
2454789.54231  20.361   0.254
2454790.62453  20.156   0.136
2454791.62280  20.132   0.132
2454793.52698  20.488   0.274
2454795.54401  20.278   0.172
2454797.53620  19.959   0.178
2454798.59948  20.019   0.208
2454800.64681  20.232   0.194
2454803.53809  20.181   0.207
2454804.58832  20.256   0.272
2454806.59733  19.964   0.187
2454808.55556  20.670   0.407
2454810.56599  20.201   0.197
2454813.60536  20.520   0.351
2454815.58155  20.095   0.271
2454817.59801  20.020   0.145
2454819.59764  19.817   0.124
2454821.63955  20.202   0.143
2454823.60034  20.454   0.306
2454825.62877  20.061   0.197
2454833.56113  20.173   0.168
2454835.58373  19.793   0.203
2454839.60526  19.949   0.223
2454842.57233  20.065   0.262
2454844.58286  20.197   0.200
2454847.63711  20.746   0.616
2454849.59694  20.210   0.215
2454853.59442  20.207   0.208
2454856.58836  20.421   0.264
2454865.56146  20.162   0.206